"","Date","Sample.ID","Chamber.ID","SDR","Tank","Temperature","Temp_corrected","Symbiont","Type","Salinity","Plate","Run","Volume","Org.Number","Resp.Intercept","R.umol.L.min","R.umol.min","R.Blank.umol.min","R.umol.min.corr","R.umol.org.min","R.nmol.org.min"
"1","20230621",1,"A1",641,NA,15,NA,"C","Sample",33,1,1,8e-05,5,NA,NA,NA,NA,NA,NA,NA
"2","20230621",7,"B1",641,NA,15,NA,"D","Sample",33,1,1,8e-05,5,NA,NA,NA,NA,NA,NA,NA
"3","20230621",19,"D1",641,NA,15,NA,"D","Sample",33,1,1,8e-05,7,NA,NA,NA,NA,NA,NA,NA
"4","20230621",2,"A2",641,NA,15,NA,"C","Sample",33,1,1,8e-05,5,NA,NA,NA,NA,NA,NA,NA
"5","20230621",8,"B2",641,NA,15,NA,"D","Sample",33,1,1,8e-05,5,NA,NA,NA,NA,NA,NA,NA
"6","20230621",20,"D2",641,NA,15,NA,"D","Sample",33,1,1,8e-05,7,NA,NA,NA,NA,NA,NA,NA
"7","20230621",3,"A3",641,NA,15,NA,"C","Sample",33,1,1,8e-05,5,NA,NA,NA,NA,NA,NA,NA
"8","20230621",9,"B3",641,NA,15,NA,"D","Sample",33,1,1,8e-05,5,NA,NA,NA,NA,NA,NA,NA
"9","20230621",21,"D3",641,NA,15,NA,"D","Sample",33,1,1,8e-05,7,NA,NA,NA,NA,NA,NA,NA
"10","20230621",4,"A4",641,NA,15,NA,"C","Sample",33,1,1,8e-05,5,NA,NA,NA,NA,NA,NA,NA
"11","20230621",10,"B4",641,NA,15,NA,"D","Sample",33,1,1,8e-05,5,NA,NA,NA,NA,NA,NA,NA
"12","20230621",22,"D4",641,NA,15,NA,"D","Sample",33,1,1,8e-05,7,NA,NA,NA,NA,NA,NA,NA
"13","20230621",5,"A5",641,NA,15,NA,"C","Sample",33,1,1,8e-05,5,NA,NA,NA,NA,NA,NA,NA
"14","20230621",11,"B5",641,NA,15,NA,"D","Sample",33,1,1,8e-05,5,NA,NA,NA,NA,NA,NA,NA
"15","20230621",23,"D5",641,NA,15,NA,"D","Sample",33,1,1,8e-05,7,NA,NA,NA,NA,NA,NA,NA
"16","20230621",6,"A6",641,NA,15,NA,"C","Sample",33,1,1,8e-05,5,NA,NA,NA,NA,NA,NA,NA
"17","20230621",12,"B6",641,NA,15,NA,"D","Sample",33,1,1,8e-05,5,NA,NA,NA,NA,NA,NA,NA
"18","20230621",24,"D6",641,NA,15,NA,"D","Sample",33,1,1,8e-05,7,NA,NA,NA,NA,NA,NA,NA
"19","20230621",1,"A1",710,NA,15,NA,"C","Sample",33,2,1,8e-05,5,NA,NA,NA,NA,NA,NA,NA
"20","20230621",7,"B1",710,NA,15,NA,"D","Sample",33,2,1,8e-05,5,NA,NA,NA,NA,NA,NA,NA
"21","20230621",19,"D1",710,NA,15,NA,"C","Sample",33,2,1,8e-05,7,NA,NA,NA,NA,NA,NA,NA
"22","20230621",2,"A2",710,NA,15,NA,"C","Sample",33,2,1,8e-05,5,NA,NA,NA,NA,NA,NA,NA
"23","20230621",8,"B2",710,NA,15,NA,"D","Sample",33,2,1,8e-05,5,NA,NA,NA,NA,NA,NA,NA
"24","20230621",20,"D2",710,NA,15,NA,"C","Sample",33,2,1,8e-05,7,NA,NA,NA,NA,NA,NA,NA
"25","20230621",3,"A3",710,NA,15,NA,"C","Sample",33,2,1,8e-05,5,NA,NA,NA,NA,NA,NA,NA
"26","20230621",9,"B3",710,NA,15,NA,"D","Sample",33,2,1,8e-05,5,NA,NA,NA,NA,NA,NA,NA
"27","20230621",21,"D3",710,NA,15,NA,"C","Sample",33,2,1,8e-05,7,NA,NA,NA,NA,NA,NA,NA
"28","20230621",4,"A4",710,NA,15,NA,"C","Sample",33,2,1,8e-05,5,NA,NA,NA,NA,NA,NA,NA
"29","20230621",10,"B4",710,NA,15,NA,"D","Sample",33,2,1,8e-05,5,NA,NA,NA,NA,NA,NA,NA
"30","20230621",22,"D4",710,NA,15,NA,"C","Sample",33,2,1,8e-05,7,NA,NA,NA,NA,NA,NA,NA
"31","20230621",5,"A5",710,NA,15,NA,"C","Sample",33,2,1,8e-05,5,NA,NA,NA,NA,NA,NA,NA
"32","20230621",11,"B5",710,NA,15,NA,"D","Sample",33,2,1,8e-05,5,NA,NA,NA,NA,NA,NA,NA
"33","20230621",23,"D5",710,NA,15,NA,"C","Sample",33,2,1,8e-05,7,NA,NA,NA,NA,NA,NA,NA
"34","20230621",6,"A6",710,NA,15,NA,"C","Sample",33,2,1,8e-05,5,NA,NA,NA,NA,NA,NA,NA
"35","20230621",12,"B6",710,NA,15,NA,"D","Sample",33,2,1,8e-05,5,NA,NA,NA,NA,NA,NA,NA
"36","20230621",24,"D6",710,NA,15,NA,"C","Sample",33,2,1,8e-05,7,NA,NA,NA,NA,NA,NA,NA
"37","20230621",1,"A1",641,NA,25,NA,"C","Sample",33,3,2,8e-05,5,NA,NA,NA,NA,NA,NA,NA
"38","20230621",7,"B1",641,NA,25,NA,"D","Sample",33,3,2,8e-05,5,NA,NA,NA,NA,NA,NA,NA
"39","20230621",19,"D1",641,NA,25,NA,"D","Sample",33,3,2,8e-05,7,NA,NA,NA,NA,NA,NA,NA
"40","20230621",2,"A2",641,NA,25,NA,"C","Sample",33,3,2,8e-05,5,NA,NA,NA,NA,NA,NA,NA
"41","20230621",8,"B2",641,NA,25,NA,"D","Sample",33,3,2,8e-05,5,NA,NA,NA,NA,NA,NA,NA
"42","20230621",20,"D2",641,NA,25,NA,"D","Sample",33,3,2,8e-05,7,NA,NA,NA,NA,NA,NA,NA
"43","20230621",3,"A3",641,NA,25,NA,"C","Sample",33,3,2,8e-05,5,NA,NA,NA,NA,NA,NA,NA
"44","20230621",9,"B3",641,NA,25,NA,"D","Sample",33,3,2,8e-05,5,NA,NA,NA,NA,NA,NA,NA
"45","20230621",21,"D3",641,NA,25,NA,"D","Sample",33,3,2,8e-05,7,NA,NA,NA,NA,NA,NA,NA
"46","20230621",4,"A4",641,NA,25,NA,"C","Sample",33,3,2,8e-05,5,NA,NA,NA,NA,NA,NA,NA
"47","20230621",10,"B4",641,NA,25,NA,"D","Sample",33,3,2,8e-05,5,NA,NA,NA,NA,NA,NA,NA
"48","20230621",22,"D4",641,NA,25,NA,"D","Sample",33,3,2,8e-05,7,NA,NA,NA,NA,NA,NA,NA
"49","20230621",5,"A5",641,NA,25,NA,"C","Sample",33,3,2,8e-05,5,NA,NA,NA,NA,NA,NA,NA
"50","20230621",11,"B5",641,NA,25,NA,"D","Sample",33,3,2,8e-05,5,NA,NA,NA,NA,NA,NA,NA
"51","20230621",23,"D5",641,NA,25,NA,"D","Sample",33,3,2,8e-05,7,NA,NA,NA,NA,NA,NA,NA
"52","20230621",6,"A6",641,NA,25,NA,"C","Sample",33,3,2,8e-05,5,NA,NA,NA,NA,NA,NA,NA
"53","20230621",12,"B6",641,NA,25,NA,"D","Sample",33,3,2,8e-05,5,NA,NA,NA,NA,NA,NA,NA
"54","20230621",24,"D6",641,NA,25,NA,"D","Sample",33,3,2,8e-05,7,NA,NA,NA,NA,NA,NA,NA
"55","20230621",1,"A1",710,NA,25,NA,"C","Sample",33,4,2,8e-05,5,NA,NA,NA,NA,NA,NA,NA
"56","20230621",7,"B1",710,NA,25,NA,"D","Sample",33,4,2,8e-05,5,NA,NA,NA,NA,NA,NA,NA
"57","20230621",19,"D1",710,NA,25,NA,"C","Sample",33,4,2,8e-05,7,NA,NA,NA,NA,NA,NA,NA
"58","20230621",2,"A2",710,NA,25,NA,"C","Sample",33,4,2,8e-05,5,NA,NA,NA,NA,NA,NA,NA
"59","20230621",8,"B2",710,NA,25,NA,"D","Sample",33,4,2,8e-05,5,NA,NA,NA,NA,NA,NA,NA
"60","20230621",20,"D2",710,NA,25,NA,"C","Sample",33,4,2,8e-05,7,NA,NA,NA,NA,NA,NA,NA
"61","20230621",3,"A3",710,NA,25,NA,"C","Sample",33,4,2,8e-05,5,NA,NA,NA,NA,NA,NA,NA
"62","20230621",9,"B3",710,NA,25,NA,"D","Sample",33,4,2,8e-05,5,NA,NA,NA,NA,NA,NA,NA
"63","20230621",21,"D3",710,NA,25,NA,"C","Sample",33,4,2,8e-05,7,NA,NA,NA,NA,NA,NA,NA
"64","20230621",4,"A4",710,NA,25,NA,"C","Sample",33,4,2,8e-05,5,NA,NA,NA,NA,NA,NA,NA
"65","20230621",10,"B4",710,NA,25,NA,"D","Sample",33,4,2,8e-05,5,NA,NA,NA,NA,NA,NA,NA
"66","20230621",22,"D4",710,NA,25,NA,"C","Sample",33,4,2,8e-05,7,NA,NA,NA,NA,NA,NA,NA
"67","20230621",5,"A5",710,NA,25,NA,"C","Sample",33,4,2,8e-05,5,NA,NA,NA,NA,NA,NA,NA
"68","20230621",11,"B5",710,NA,25,NA,"D","Sample",33,4,2,8e-05,5,NA,NA,NA,NA,NA,NA,NA
"69","20230621",23,"D5",710,NA,25,NA,"C","Sample",33,4,2,8e-05,7,NA,NA,NA,NA,NA,NA,NA
"70","20230621",6,"A6",710,NA,25,NA,"C","Sample",33,4,2,8e-05,5,NA,NA,NA,NA,NA,NA,NA
"71","20230621",12,"B6",710,NA,25,NA,"D","Sample",33,4,2,8e-05,5,NA,NA,NA,NA,NA,NA,NA
"72","20230621",24,"D6",710,NA,25,NA,"C","Sample",33,4,2,8e-05,7,NA,NA,NA,NA,NA,NA,NA
"73","20230621",1,"A1",641,NA,33,NA,"C","Sample",33,5,3,8e-05,5,NA,NA,NA,NA,NA,NA,NA
"74","20230621",7,"B1",641,NA,33,NA,"D","Sample",33,5,3,8e-05,5,NA,NA,NA,NA,NA,NA,NA
"75","20230621",19,"D1",641,NA,33,NA,"D","Sample",33,5,3,8e-05,7,NA,NA,NA,NA,NA,NA,NA
"76","20230621",2,"A2",641,NA,33,NA,"C","Sample",33,5,3,8e-05,5,NA,NA,NA,NA,NA,NA,NA
"77","20230621",8,"B2",641,NA,33,NA,"D","Sample",33,5,3,8e-05,5,NA,NA,NA,NA,NA,NA,NA
"78","20230621",20,"D2",641,NA,33,NA,"D","Sample",33,5,3,8e-05,7,NA,NA,NA,NA,NA,NA,NA
"79","20230621",3,"A3",641,NA,33,NA,"C","Sample",33,5,3,8e-05,5,NA,NA,NA,NA,NA,NA,NA
"80","20230621",9,"B3",641,NA,33,NA,"D","Sample",33,5,3,8e-05,5,NA,NA,NA,NA,NA,NA,NA
"81","20230621",21,"D3",641,NA,33,NA,"D","Sample",33,5,3,8e-05,7,NA,NA,NA,NA,NA,NA,NA
"82","20230621",4,"A4",641,NA,33,NA,"C","Sample",33,5,3,8e-05,5,NA,NA,NA,NA,NA,NA,NA
"83","20230621",10,"B4",641,NA,33,NA,"D","Sample",33,5,3,8e-05,5,NA,NA,NA,NA,NA,NA,NA
"84","20230621",22,"D4",641,NA,33,NA,"D","Sample",33,5,3,8e-05,7,NA,NA,NA,NA,NA,NA,NA
"85","20230621",5,"A5",641,NA,33,NA,"C","Sample",33,5,3,8e-05,5,NA,NA,NA,NA,NA,NA,NA
"86","20230621",11,"B5",641,NA,33,NA,"D","Sample",33,5,3,8e-05,5,NA,NA,NA,NA,NA,NA,NA
"87","20230621",23,"D5",641,NA,33,NA,"D","Sample",33,5,3,8e-05,7,NA,NA,NA,NA,NA,NA,NA
"88","20230621",6,"A6",641,NA,33,NA,"C","Sample",33,5,3,8e-05,5,NA,NA,NA,NA,NA,NA,NA
"89","20230621",12,"B6",641,NA,33,NA,"D","Sample",33,5,3,8e-05,5,NA,NA,NA,NA,NA,NA,NA
"90","20230621",24,"D6",641,NA,33,NA,"D","Sample",33,5,3,8e-05,7,NA,NA,NA,NA,NA,NA,NA
"91","20230623",1,"A1",641,"WT1",10,13,"WT","Sample",33,7,4,8e-05,5,233.029540616246,-1.8970644257703,-0.000151765154061624,-0.000118199298229973,-3.35658558316509e-05,-6.71317116633019e-06,-0.00671317116633019
"92","20230623",7,"B1",641,"MIX1",10,13,"MIX","Sample",33,7,4,8e-05,5,228.714273592416,-1.34395570994355,-0.000107516456795484,-0.000118199298229973,1.06828414344891e-05,2.13656828689781e-06,0.00213656828689781
"93","20230623",19,"D1",641,"C1",10,13,"C","Sample",33,7,4,8e-05,5,232.532742160279,-1.55577003484321,-0.000124461602787457,-0.000118199298229973,-6.26230455748373e-06,-1.25246091149675e-06,-0.00125246091149675
"94","20230623",8,"B2",641,"C2",10,13,"C","Sample",33,7,4,8e-05,5,235.8946271777,-2.41119163763066,-0.000192895331010453,-0.000118199298229973,-7.46960327804797e-05,-1.49392065560959e-05,-0.0149392065560959
"95","20230623",14,"C2",641,"MIX2",10,13,"MIX","Sample",33,7,4,8e-05,5,228.720376321353,-2.61182241014799,-0.000208945792811839,-0.000118199298229973,-9.07464945818661e-05,-1.81492989163732e-05,-0.0181492989163732
"96","20230623",20,"D2",641,"WT1",10,13,"WT","Sample",33,7,4,8e-05,5,227.954137931035,-0.934285714285719,-7.47428571428575e-05,-0.000118199298229973,4.34564410871155e-05,8.69128821742311e-06,0.00869128821742311
"97","20230623",3,"A3",641,"MIX1",10,13,"MIX","Sample",33,7,4,8e-05,5,237.836498612396,-2.88665587419057,-0.000230932469935246,-0.000118199298229973,-0.000112733171705273,-2.25466343410545e-05,-0.0225466343410545
"98","20230623",9,"B3",641,"C1",10,13,"C","Sample",33,7,4,8e-05,5,239.82486586494,-2.19439407955596,-0.000175551526364477,-0.000118199298229973,-5.73522281345037e-05,-1.14704456269008e-05,-0.0114704456269008
"99","20230623",15,"C3",641,"WT2",10,13,"WT","Sample",33,7,4,8e-05,5,234.024236853832,-1.47594919786097,-0.000118075935828878,-0.000118199298229973,1.23362401095473e-07,2.46724802190946e-08,2.46724802190946e-05
"100","20230623",21,"D3",641,"MIX1",10,13,"MIX","Sample",33,7,4,8e-05,5,247.904869230769,-3.56852307692308,-0.000285481846153846,-0.000118199298229973,-0.000167282547923873,-3.34565095847747e-05,-0.0334565095847747
"101","20230623",4,"A4",641,"WT2",10,13,"WT","Sample",33,7,4,8e-05,4,229.668674909728,-1.9354896597002,-0.000154839172776016,-0.000118199298229973,-3.6639874546043e-05,-9.15996863651074e-06,-0.00915996863651074
"102","20230623",10,"B4",641,"WT1",10,13,"WT","Sample",33,7,4,8e-05,5,230.286522198731,-2.19516842847075,-0.00017561347427766,-0.000118199298229973,-5.7414176047687e-05,-1.14828352095374e-05,-0.0114828352095374
"103","20230623",16,"C4",641,"MIX2",10,13,"MIX","Sample",33,7,4,8e-05,5,223.435262096774,-1.78185483870968,-0.000142548387096774,-0.000118199298229973,-2.43490888668013e-05,-4.86981777336027e-06,-0.00486981777336027
"104","20230623",22,"D4",641,"WT2",10,13,"WT","Sample",33,7,4,8e-05,5,238.132470588235,-1.87558135981664,-0.000150046508785331,-0.000118199298229973,-3.18472105553581e-05,-6.36944211107162e-06,-0.00636944211107162
"105","20230623",5,"A5",641,"C2",10,13,"C","Sample",33,7,4,8e-05,5,236.558692237994,-2.55139232860162,-0.00020411138628813,-0.000118199298229973,-8.59120880581565e-05,-1.71824176116313e-05,-0.0171824176116313
"106","20230623",11,"B5",641,"WT1",10,13,"WT","Sample",33,7,4,8e-05,5,241.972593646278,-2.5259649122807,-0.000202077192982456,-0.000118199298229973,-8.3877894752483e-05,-1.67755789504966e-05,-0.0167755789504966
"107","20230623",23,"D5",641,"C1",10,13,"C","Sample",33,7,4,8e-05,5,230.100071301248,-0.945668449197866,-7.56534759358293e-05,-0.000118199298229973,4.25458222941438e-05,8.50916445882876e-06,0.00850916445882876
"108","20230623",6,"A6",641,"MIX2",10,13,"MIX","Sample",33,7,4,8e-05,5,234.894780412824,-1.9249907773386,-0.000153999262187088,-0.000118199298229973,-3.57999639571149e-05,-7.15999279142298e-06,-0.00715999279142298
"109","20230623",12,"B6",641,"C1",10,13,"C","Sample",33,7,4,8e-05,5,228.452271777004,-1.74129616724739,-0.000139303693379791,-0.000118199298229973,-2.11043951498181e-05,-4.22087902996363e-06,-0.00422087902996363
"110","20230623",18,"C6",641,"MIX2",10,13,"MIX","Sample",33,7,4,8e-05,5,234.893273954116,-1.57621052631579,-0.000126096842105263,-0.000118199298229973,-7.89754387529012e-06,-1.57950877505802e-06,-0.00157950877505802
"111","20230623",24,"D6",641,"C2",10,13,"C","Sample",33,7,4,8e-05,5,243.39829205678,-2.14362428269405,-0.000171489942615524,-0.000118199298229973,-5.32906443855509e-05,-1.06581288771102e-05,-0.0106581288771102
"112","20230623",1,"A1",710,"MIX2",10,13,"MIX","Sample",33,8,4,8e-05,5,274.33596332786,-3.26928297755882,-0.000261542638204706,-0.000144133460002457,-0.000117409178202248,-2.34818356404497e-05,-0.0234818356404497
"113","20230623",7,"B1",710,"MIX1",10,13,"MIX","Sample",33,8,4,8e-05,5,249.46982484948,-0.247794198139032,-1.98235358511226e-05,-0.000144133460002457,0.000124309924151335,2.4861984830267e-05,0.024861984830267
"114","20230623",13,"C1",710,"C2",10,13,"C","Sample",33,8,4,8e-05,5,293.948862068966,-2.41834482758621,-0.000193467586206897,-0.000144133460002457,-4.93341262044395e-05,-9.8668252408879e-06,-0.0098668252408879
"115","20230623",19,"D1",710,"WT1",10,13,"WT","Sample",33,8,4,8e-05,5,260.342460881935,-1.8335660356713,-0.000146685282853704,-0.000144133460002457,-2.55182285124666e-06,-5.10364570249333e-07,-0.000510364570249333
"116","20230623",2,"A2",710,"C2",10,13,"C","Sample",33,8,4,8e-05,5,302.256186864015,-3.01759851988899,-0.000241407881591119,-0.000144133460002457,-9.72744215886619e-05,-1.94548843177324e-05,-0.0194548843177324
"117","20230623",14,"C2",710,"WT2",10,13,"WT","Sample",33,8,4,8e-05,5,263.592889746889,-1.12448391248389,-8.99587129987112e-05,-0.000144133460002457,5.41747470037461e-05,1.08349494007492e-05,0.0108349494007492
"118","20230623",20,"D2",710,"MIX2",10,13,"MIX","Sample",33,8,4,8e-05,5,259.978367071525,-1.3465991902834,-0.000107727935222672,-0.000144133460002457,3.64055247797853e-05,7.28110495595706e-06,0.00728110495595706
"119","20230623",3,"A3",710,"WT2",10,13,"WT","Sample",33,8,4,8e-05,5,285.975877896613,-2.02743315508021,-0.000162194652406417,-0.000144133460002457,-1.80611924039595e-05,-3.6122384807919e-06,-0.0036122384807919
"120","20230623",9,"B3",710,"MIX1",10,13,"MIX","Sample",33,8,4,8e-05,5,259.165266129032,-0.96874193548387,-7.74993548387096e-05,-0.000144133460002457,6.66341051637477e-05,1.33268210327495e-05,0.0133268210327495
"121","20230623",15,"C3",710,"C2",10,13,"C","Sample",33,8,4,8e-05,5,273.04168011257,-2.65768105065665,-0.000212614484052532,-0.000144133460002457,-6.84810240500747e-05,-1.36962048100149e-05,-0.0136962048100149
"122","20230623",21,"D3",710,"WT2",10,13,"WT","Sample",33,8,4,8e-05,5,255.61039408867,-1.6070935960591,-0.000128567487684728,-0.000144133460002457,1.55659723177293e-05,3.11319446354587e-06,0.00311319446354587
"123","20230623",4,"A4",710,"MIX2",10,13,"MIX","Sample",33,8,4,8e-05,5,274.665531417112,-1.19699197860962,-9.57593582887696e-05,-0.000144133460002457,4.83741017136877e-05,9.67482034273755e-06,0.00967482034273755
"124","20230623",10,"B4",710,"WT1",10,13,"WT","Sample",33,8,4,8e-05,5,256.072733313198,-2.3390637269707,-0.000187125098157656,-0.000144133460002457,-4.29916381551987e-05,-8.59832763103973e-06,-0.00859832763103974
"125","20230623",16,"C4",710,"C1",10,13,"C","Sample",33,8,4,8e-05,5,244.540009852217,-1.71383251231527,-0.000137106600985222,-0.000144133460002457,7.02685901723572e-06,1.40537180344714e-06,0.00140537180344714
"126","20230623",22,"D4",710,"C1",10,13,"C","Sample",33,8,4,8e-05,5,226.734551724138,-1.07365517241379,-8.58924137931032e-05,-0.000144133460002457,5.82410462093541e-05,1.16482092418708e-05,0.0116482092418708
"127","20230623",5,"A5",710,"MIX1",10,13,"MIX","Sample",33,8,4,8e-05,5,268.547680672269,-1.72796638655462,-0.00013823731092437,-0.000144133460002457,5.89614907808771e-06,1.17922981561754e-06,0.00117922981561754
"128","20230623",11,"B5",710,"C1",10,13,"C","Sample",33,8,4,8e-05,5,247.7223727422,-1.41095785440613,-0.00011287662835249,-0.000144133460002457,3.12568316499669e-05,6.25136632999338e-06,0.00625136632999338
"129","20230623",23,"D5",710,"MIX1",10,13,"MIX","Sample",33,8,4,8e-05,5,239.573329268293,-0.574097560975613,-4.5927804878049e-05,-0.000144133460002457,9.82056551244083e-05,1.96411310248817e-05,0.0196411310248817
"130","20230623",6,"A6",710,"C1",10,13,"C","Sample",33,8,4,8e-05,5,309.469677281653,-3.50659438231025,-0.00028052755058482,-0.000144133460002457,-0.000136394090582363,-2.72788181164725e-05,-0.0272788181164725
"131","20230623",18,"C6",710,"WT1",10,13,"WT","Sample",33,8,4,8e-05,5,263.020425120773,-1.13269565217392,-9.06156521739136e-05,-0.000144133460002457,5.35178078285437e-05,1.07035615657087e-05,0.0107035615657087
"132","20230623",24,"D6",710,"WT2",10,13,"WT","Sample",33,8,4,8e-05,5,257.869096525096,0.973003861003875,7.784030888031e-05,-0.000144133460002457,0.000221973768882767,4.43947537765535e-05,0.0443947537765535
"133","20230623",1,"A1",641,"MIX2",24,23,"MIX","Sample",33,9,5,8e-05,5,207.250371428572,-0.563730612244904,-4.50984489795923e-05,-6.08464809873456e-07,-4.44899841697189e-05,-8.89799683394377e-06,-0.00889799683394377
"134","20230623",7,"B1",641,"MIX1",24,23,"MIX","Sample",33,9,5,8e-05,5,208.81862931642,-1.2543791402396,-0.000100350331219168,-6.08464809873456e-07,-9.97418664092946e-05,-1.99483732818589e-05,-0.0199483732818589
"135","20230623",13,"C1",641,"C2",24,23,"C","Sample",33,9,5,8e-05,5,208.137258064516,-1.08525806451613,-8.68206451612904e-05,-6.08464809873456e-07,-8.6212180351417e-05,-1.72424360702834e-05,-0.0172424360702834
"136","20230623",19,"D1",641,"WT1",24,23,"WT","Sample",33,9,5,8e-05,5,202.959915966387,-0.126408963585441,-1.01127170868353e-05,-6.08464809873456e-07,-9.50425227696183e-06,-1.90085045539236e-06,-0.00190085045539237
"137","20230623",2,"A2",641,"C2",24,23,"C","Sample",33,9,5,8e-05,5,199.139039464411,-0.544417195207885,-4.35533756166308e-05,-6.08464809873456e-07,-4.29449108067573e-05,-8.58898216135147e-06,-0.00858898216135147
"138","20230623",14,"C2",641,"WT2",24,23,"WT","Sample",33,9,5,8e-05,5,206.859108208353,-0.826853733268827,-6.61482986615062e-05,-6.08464809873456e-07,-6.55398338516327e-05,-1.31079667703265e-05,-0.0131079667703265
"139","20230623",20,"D2",641,"MIX2",24,23,"MIX","Sample",33,9,5,8e-05,5,215.539763814617,-1.32078877005348,-0.000105663101604278,-6.08464809873456e-07,-0.000105054636794405,-2.1010927358881e-05,-0.021010927358881
"140","20230623",3,"A3",641,"WT2",24,23,"WT","Sample",33,9,5,8e-05,5,206.53789546716,-0.94140610545791,-7.53124884366328e-05,-6.08464809873456e-07,-7.47040236267594e-05,-1.49408047253519e-05,-0.0149408047253519
"141","20230623",9,"B3",641,"MIX1",24,23,"MIX","Sample",33,9,5,8e-05,5,217.570384615385,-2.9649530956848,-0.000237196247654784,-6.08464809873456e-07,-0.000236587782844911,-4.73175565689821e-05,-0.0473175565689821
"142","20230623",15,"C3",641,"C2",24,23,"C","Sample",33,9,5,8e-05,5,200.022257839721,-0.47743554006968,-3.81948432055744e-05,-6.08464809873456e-07,-3.75863783957009e-05,-7.51727567914019e-06,-0.00751727567914019
"143","20230623",21,"D3",641,"WT2",24,23,"WT","Sample",33,9,5,8e-05,5,212.006637707391,-1.26705520361991,-0.000101364416289593,-6.08464809873456e-07,-0.000100755951479719,-2.01511902959439e-05,-0.0201511902959439
"144","20230623",4,"A4",641,"MIX2",24,23,"MIX","Sample",33,9,5,8e-05,5,207.504634146341,-1.01756097560975,-8.140487804878e-05,-6.08464809873456e-07,-8.07964132389065e-05,-1.61592826477813e-05,-0.0161592826477813
"145","20230623",10,"B4",641,"WT1",24,23,"WT","Sample",33,9,5,8e-05,5,204.505518038853,-0.117909343200738,-9.43274745605904e-06,-6.08464809873456e-07,-8.82428264618558e-06,-1.76485652923712e-06,-0.00176485652923712
"146","20230623",16,"C4",641,"C1",24,23,"C","Sample",33,9,5,8e-05,5,209.022786726998,-1.15067511312217,-9.20540090497736e-05,-6.08464809873456e-07,-9.14455442399002e-05,-1.828910884798e-05,-0.01828910884798
"147","20230623",22,"D4",641,"C1",24,23,"C","Sample",33,9,5,8e-05,5,209.878994261552,-0.33531259438236,-2.68250075505888e-05,-6.08464809873456e-07,-2.62165427407153e-05,-5.24330854814307e-06,-0.00524330854814307
"148","20230623",5,"A5",641,"MIX1",24,23,"MIX","Sample",33,9,5,8e-05,5,205.085654322988,-1.07749777165546,-8.61998217324368e-05,-6.08464809873456e-07,-8.55913569225633e-05,-1.71182713845127e-05,-0.0171182713845127
"149","20230623",11,"B5",641,"C1",24,23,"C","Sample",33,9,5,8e-05,5,209.46542769041,-1.20677397471477,-9.65419179771816e-05,-6.08464809873456e-07,-9.59334531673082e-05,-1.91866906334616e-05,-0.0191866906334616
"150","20230623",23,"D5",641,"MIX1",24,23,"MIX","Sample",33,9,5,8e-05,5,210.568531452359,-0.518385753931548,-4.14708603145238e-05,-6.08464809873456e-07,-4.08623955046504e-05,-8.17247910093008e-06,-0.00817247910093008
"151","20230623",6,"A6",641,"C1",24,23,"C","Sample",33,9,5,8e-05,5,201.68394079556,-0.452525439407954,-3.62020351526363e-05,-6.08464809873456e-07,-3.55935703427629e-05,-7.11871406855257e-06,-0.00711871406855257
"152","20230623",18,"C6",641,"WT1",24,23,"WT","Sample",33,9,5,8e-05,5,212.918292207792,-0.787113997113999,-6.29691197691199e-05,-6.08464809873456e-07,-6.23606549592465e-05,-1.24721309918493e-05,-0.0124721309918493
"153","20230623",24,"D6",641,"WT2",24,23,"WT","Sample",33,9,5,8e-05,5,210.720504201681,-0.423217723453012,-3.3857417876241e-05,-6.08464809873456e-07,-3.32489530663675e-05,-6.6497906132735e-06,-0.0066497906132735
"154","20230623",1,"A1",710,"WT1",24,23,"WT","Sample",33,10,5,8e-05,5,217.613751266464,-0.893693009118542,-7.14954407294834e-05,-4.65651444765718e-05,-2.49302962529115e-05,-4.98605925058231e-06,-0.00498605925058231
"155","20230623",7,"B1",710,"MIX1",24,23,"MIX","Sample",33,10,5,8e-05,5,216.210682548686,-0.485937930475652,-3.88750344380522e-05,-4.65651444765718e-05,7.69011003851965e-06,1.53802200770393e-06,0.00153802200770393
"156","20230623",19,"D1",710,"C1",24,23,"C","Sample",33,10,5,8e-05,5,214.788011100833,-0.989810360777059,-7.91848288621647e-05,-4.65651444765718e-05,-3.26196843855929e-05,-6.52393687711858e-06,-0.00652393687711858
"157","20230623",8,"B2",710,"C2",24,23,"C","Sample",33,10,5,8e-05,5,216.099260312945,-0.36799431009958,-2.94395448079664e-05,-4.65651444765718e-05,1.71255996686054e-05,3.42511993372108e-06,0.00342511993372108
"158","20230623",14,"C2",710,"MIX2",24,23,"MIX","Sample",33,10,5,8e-05,5,210.449919354839,0.539806451612906,4.31845161290325e-05,-4.65651444765718e-05,8.97496606056043e-05,1.79499321211209e-05,0.0179499321211209
"159","20230623",20,"D2",710,"WT1",24,23,"WT","Sample",33,10,5,8e-05,5,218.580637743006,-0.994869606448559,-7.95895685158847e-05,-4.65651444765718e-05,-3.30244240393129e-05,-6.60488480786258e-06,-0.00660488480786258
"160","20230623",3,"A3",710,"MIX1",24,23,"MIX","Sample",33,10,5,8e-05,5,209.618674089069,-1.14648582995952,-9.17188663967616e-05,-4.65651444765718e-05,-4.51537219201898e-05,-9.03074438403796e-06,-0.00903074438403796
"161","20230623",9,"B3",710,"C1",24,23,"C","Sample",33,10,5,8e-05,5,201.629473489062,0.186545050055633,1.49236040044506e-05,-4.65651444765718e-05,6.14887484810225e-05,1.22977496962045e-05,0.0122977496962045
"162","20230623",15,"C3",710,"WT2",24,23,"WT","Sample",33,10,5,8e-05,5,218.928707845983,-0.592936053957143,-4.74348843165714e-05,-4.65651444765718e-05,-8.69739839999622e-07,-1.73947967999924e-07,-0.000173947967999924
"163","20230623",21,"D3",710,"MIX1",24,23,"MIX","Sample",33,10,5,8e-05,5,209.389794017885,-2.4805205057046,-0.000198441640456368,-4.65651444765718e-05,-0.000151876495979796,-3.03752991959592e-05,-0.0303752991959592
"164","20230623",4,"A4",710,"WT2",24,23,"WT","Sample",33,10,5,8e-05,5,211.852322580645,0.308774193548373,2.47019354838698e-05,-4.65651444765718e-05,7.12670799604417e-05,1.42534159920883e-05,0.0142534159920883
"165","20230623",10,"B4",710,"WT1",24,23,"WT","Sample",33,10,5,8e-05,5,216.771944049312,-1.09660502607871,-8.77284020862968e-05,-4.65651444765718e-05,-4.1163257609725e-05,-8.232651521945e-06,-0.008232651521945
"166","20230623",16,"C4",710,"MIX2",24,23,"MIX","Sample",33,10,5,8e-05,5,217.371026530612,-1.84255510204082,-0.000147404408163266,-4.65651444765718e-05,-0.000100839263686694,-2.01678527373388e-05,-0.0201678527373388
"167","20230623",22,"D4",710,"WT2",24,23,"WT","Sample",33,10,5,8e-05,5,227.428233117484,-1.91211100832562,-0.00015296888066605,-4.65651444765718e-05,-0.000106403736189478,-2.12807472378956e-05,-0.0212807472378956
"168","20230623",5,"A5",710,"C2",24,23,"C","Sample",33,10,5,8e-05,5,217.183886773087,-1.32610971558221,-0.000106088777246577,-4.65651444765718e-05,-5.9523632770005e-05,-1.1904726554001e-05,-0.011904726554001
"169","20230623",11,"B5",710,"WT1",24,23,"WT","Sample",33,10,5,8e-05,5,218.40136380084,-0.71112896222319,-5.68903169778552e-05,-4.65651444765718e-05,-1.03251725012834e-05,-2.06503450025668e-06,-0.00206503450025668
"170","20230623",23,"D5",710,"C1",24,23,"C","Sample",33,10,5,8e-05,5,224.326746839346,-2.08232870798644,-0.000166586296638915,-4.65651444765718e-05,-0.000120021152162343,-2.40042304324687e-05,-0.0240042304324687
"171","20230623",6,"A6",710,"MIX2",24,23,"MIX","Sample",33,10,5,8e-05,5,212.590618534424,-1.22956648569808,-9.83653188558464e-05,-4.65651444765718e-05,-5.18001743792746e-05,-1.03600348758549e-05,-0.0103600348758549
"172","20230623",12,"B6",710,"C1",24,23,"C","Sample",33,10,5,8e-05,5,219.611580139373,-2.28201393728223,-0.000182561114982578,-4.65651444765718e-05,-0.000135995970506007,-2.71991941012013e-05,-0.0271991941012013
"173","20230623",18,"C6",710,"MIX2",24,23,"MIX","Sample",33,10,5,8e-05,5,195.509471014493,0.370086956521743,2.96069565217394e-05,-4.65651444765718e-05,7.61721009983113e-05,1.52344201996623e-05,0.0152344201996623
"174","20230623",24,"D6",710,"C2",24,23,"C","Sample",33,10,5,8e-05,5,211.267205387205,-0.60634267200305,-4.8507413760244e-05,-4.65651444765718e-05,-1.94226928367219e-06,-3.88453856734437e-07,-0.000388453856734437
"175","20230623",1,"A1",641,"WT1",32,28,"WT","Sample",33,11,6,8e-05,5,194.336808510638,-0.00360407030527021,-2.88325624421617e-07,3.83912649534722e-05,-3.86795905778938e-05,-7.73591811557877e-06,-0.00773591811557877
"176","20230623",7,"B1",641,"MIX1",32,28,"MIX","Sample",33,11,6,8e-05,5,183.947967930928,0.056685784767196,4.53486278137568e-06,3.83912649534722e-05,-3.38564021720965e-05,-6.77128043441931e-06,-0.00677128043441931
"177","20230623",19,"D1",641,"C1",32,28,"C","Sample",33,11,6,8e-05,5,198.344355367531,-0.502959280803813,-4.0236742464305e-05,3.83912649534722e-05,-7.86280074177773e-05,-1.57256014835554e-05,-0.0157256014835555
"178","20230623",8,"B2",641,"C2",32,28,"C","Sample",33,11,6,8e-05,5,189.914863157895,-0.492893314366998,-3.94314651493598e-05,3.83912649534722e-05,-7.7822730102832e-05,-1.55645460205664e-05,-0.0155645460205664
"179","20230623",14,"C2",641,"MIX2",32,28,"MIX","Sample",33,11,6,8e-05,5,189.484487226953,0.0376571640133263,3.0125731210661e-06,3.83912649534722e-05,-3.53786918324061e-05,-7.07573836648122e-06,-0.00707573836648122
"180","20230623",20,"D2",641,"WT1",32,28,"WT","Sample",33,11,6,8e-05,5,191.857251018141,0.0500074046649421,4.00059237319537e-06,3.83912649534722e-05,-3.43906725802768e-05,-6.87813451605537e-06,-0.00687813451605537
"181","20230623",3,"A3",641,"MIX1",32,28,"MIX","Sample",33,11,6,8e-05,5,190.722831357049,-0.722903820816869,-5.78323056653495e-05,3.83912649534722e-05,-9.62235706188217e-05,-1.92447141237643e-05,-0.0192447141237643
"182","20230623",9,"B3",641,"C1",32,28,"C","Sample",33,11,6,8e-05,5,185.044690559441,-0.371937062937064,-2.97549650349651e-05,3.83912649534722e-05,-6.81462299884373e-05,-1.36292459976875e-05,-0.0136292459976875
"183","20230623",15,"C3",641,"WT2",32,28,"WT","Sample",33,11,6,8e-05,5,188.872170542636,-0.46207276557815,-3.6965821246252e-05,3.83912649534722e-05,-7.53570861997242e-05,-1.50714172399448e-05,-0.0150714172399448
"184","20230623",21,"D3",641,"MIX1",32,28,"MIX","Sample",33,11,6,8e-05,5,192.237071998199,-0.297874461380155,-2.38299569104124e-05,3.83912649534722e-05,-6.22212218638846e-05,-1.24442443727769e-05,-0.0124442443727769
"185","20230623",4,"A4",641,"WT2",32,28,"WT","Sample",33,11,6,8e-05,5,187.700826432169,-0.389186374114231,-3.11349099291385e-05,3.83912649534722e-05,-6.95261748826107e-05,-1.39052349765221e-05,-0.0139052349765221
"186","20230623",10,"B4",641,"WT1",32,28,"WT","Sample",33,11,6,8e-05,5,190.544940444713,-0.870696784266328,-6.96557427413063e-05,3.83912649534722e-05,-0.000108047007694778,-2.16094015389557e-05,-0.0216094015389557
"187","20230623",16,"C4",641,"MIX2",32,28,"MIX","Sample",33,11,6,8e-05,5,187.789835046772,-0.299528757988335,-2.39623006390668e-05,3.83912649534722e-05,-6.2353565592539e-05,-1.24707131185078e-05,-0.0124707131185078
"188","20230623",22,"D4",641,"WT2",32,28,"WT","Sample",33,11,6,8e-05,5,191.85757513304,-0.730667815066593,-5.84534252053274e-05,3.83912649534722e-05,-9.68446901587997e-05,-1.93689380317599e-05,-0.0193689380317599
"189","20230623",5,"A5",641,"C2",32,28,"C","Sample",33,11,6,8e-05,5,188.025732291468,0.111022679626453,8.88181437011624e-06,3.83912649534722e-05,-2.9509450583356e-05,-5.90189011667119e-06,-0.00590189011667119
"190","20230623",11,"B5",641,"WT1",32,28,"WT","Sample",33,11,6,8e-05,5,193.247693494299,-0.257031522468143,-2.05625217974514e-05,3.83912649534722e-05,-5.89537867509236e-05,-1.17907573501847e-05,-0.0117907573501847
"191","20230623",23,"D5",641,"C1",32,28,"C","Sample",33,11,6,8e-05,5,184.838524229492,-0.0675800853484987,-5.4064068278799e-06,3.83912649534722e-05,-4.37976717813521e-05,-8.75953435627042e-06,-0.00875953435627042
"192","20230623",6,"A6",641,"MIX2",32,28,"MIX","Sample",33,11,6,8e-05,5,184.973788098694,-0.167291044138991,-1.33832835311193e-05,3.83912649534722e-05,-5.17745484845915e-05,-1.03549096969183e-05,-0.0103549096969183
"193","20230623",12,"B6",641,"C1",32,28,"C","Sample",33,11,6,8e-05,5,191.060445415116,-0.62655879910178,-5.01247039281424e-05,3.83912649534722e-05,-8.85159688816146e-05,-1.77031937763229e-05,-0.0177031937763229
"194","20230623",18,"C6",641,"MIX2",32,28,"MIX","Sample",33,11,6,8e-05,5,192.007888189559,0.0294883376527258,2.35906701221806e-06,3.83912649534722e-05,-3.60321979412542e-05,-7.20643958825083e-06,-0.00720643958825083
"195","20230623",24,"D6",641,"C2",32,28,"C","Sample",33,11,6,8e-05,5,192.268369088064,-0.832218192922853,-6.65774554338282e-05,3.83912649534722e-05,-0.0001049687203873,-2.09937440774601e-05,-0.0209937440774601
"196","20230623",1,"A1",710,"MIX2",32,28,"MIX","Sample",33,12,6,8e-05,5,190.799025641026,-1.2398141025641,-9.9185128205128e-05,-4.24885926858699e-05,-5.66965355192581e-05,-1.13393071038516e-05,-0.0113393071038516
"197","20230623",7,"B1",710,"MIX1",32,28,"MIX","Sample",33,12,6,8e-05,5,194.648594268477,-1.47256108597285,-0.000117804886877828,-4.24885926858699e-05,-7.53162941919581e-05,-1.50632588383916e-05,-0.0150632588383916
"198","20230623",13,"C1",710,"C2",32,28,"C","Sample",33,12,6,8e-05,5,183.337439170153,-1.5012942883975,-0.0001201035430718,-4.24885926858699e-05,-7.76149503859301e-05,-1.5522990077186e-05,-0.015522990077186
"199","20230623",19,"D1",710,"WT1",32,28,"WT","Sample",33,12,6,8e-05,5,191.505830249769,-1.21129509713228,-9.69036077705824e-05,-4.24885926858699e-05,-5.44150150847125e-05,-1.08830030169425e-05,-0.0108830030169425
"200","20230623",2,"A2",710,"C2",32,28,"C","Sample",33,12,6,8e-05,4,183.9307839963,-0.787594819611465,-6.30075855689172e-05,-4.24885926858699e-05,-2.05189928830473e-05,-5.12974822076184e-06,-0.00512974822076183
"201","20230623",14,"C2",710,"WT2",32,28,"WT","Sample",33,12,6,8e-05,5,193.786149797571,-1.72319028340081,-0.000137855222672065,-4.24885926858699e-05,-9.53666299861949e-05,-1.9073325997239e-05,-0.019073325997239
"202","20230623",20,"D2",710,"MIX2",32,28,"MIX","Sample",33,12,6,8e-05,5,187.491569719155,-2.77625396044172,-0.000222100316835338,-4.24885926858699e-05,-0.000179611724149468,-3.59223448298935e-05,-0.0359223448298935
"203","20230623",3,"A3",710,"WT2",32,28,"WT","Sample",33,12,6,8e-05,5,195.648181818182,-1.34422027972028,-0.000107537622377622,-4.24885926858699e-05,-6.50490296917525e-05,-1.30098059383505e-05,-0.0130098059383505
"204","20230623",9,"B3",710,"MIX1",32,28,"MIX","Sample",33,12,6,8e-05,4,191.597223115193,-1.52518776745642,-0.000122015021396514,-4.24885926858699e-05,-7.95264287106438e-05,-1.98816071776609e-05,-0.0198816071776609
"205","20230623",15,"C3",710,"C2",32,28,"C","Sample",33,12,6,8e-05,5,194.417137820755,-1.03635063332578,-8.29080506660624e-05,-4.24885926858699e-05,-4.04194579801925e-05,-8.0838915960385e-06,-0.00808389159603851
"206","20230623",21,"D3",710,"WT2",32,28,"WT","Sample",33,12,6,8e-05,5,202.012316138763,-2.74518009049774,-0.000219614407239819,-4.24885926858699e-05,-0.000177125814553949,-3.54251629107899e-05,-0.0354251629107899
"207","20230623",4,"A4",710,"MIX2",32,28,"MIX","Sample",33,12,6,8e-05,5,200.915759441708,-1.50649987036557,-0.000120519989629246,-4.24885926858699e-05,-7.80313969433758e-05,-1.56062793886752e-05,-0.0156062793886752
"208","20230623",10,"B4",710,"WT1",32,28,"WT","Sample",33,12,6,8e-05,5,194.021725650333,-1.03123411978222,-8.24987295825776e-05,-4.24885926858699e-05,-4.00101368967077e-05,-8.00202737934155e-06,-0.00800202737934155
"209","20230623",16,"C4",710,"C1",32,28,"C","Sample",33,12,6,8e-05,5,194.801103632943,-1.87518454190187,-0.00015001476335215,-4.24885926858699e-05,-0.00010752617066628,-2.15052341332559e-05,-0.0215052341332559
"210","20230623",22,"D4",710,"C1",32,28,"C","Sample",33,12,6,8e-05,5,189.715105311355,-1.2065293040293,-9.6522344322344e-05,-4.24885926858699e-05,-5.40337516364741e-05,-1.08067503272948e-05,-0.0108067503272948
"211","20230623",5,"A5",710,"MIX1",32,28,"MIX","Sample",33,12,6,8e-05,5,192.039251735972,-1.00192353739325,-8.015388299146e-05,-4.24885926858699e-05,-3.76652903055901e-05,-7.53305806111803e-06,-0.00753305806111803
"212","20230623",11,"B5",710,"C1",32,28,"C","Sample",33,12,6,8e-05,5,197.508391868111,-0.641074742984161,-5.12859794387329e-05,-4.24885926858699e-05,-8.79738675286302e-06,-1.7594773505726e-06,-0.0017594773505726
"213","20230623",23,"D5",710,"MIX1",32,28,"MIX","Sample",33,12,6,8e-05,5,190.020707333732,-1.1120959617519,-8.8967676940152e-05,-4.24885926858699e-05,-4.64790842542821e-05,-9.29581685085643e-06,-0.00929581685085643
"214","20230623",6,"A6",710,"C1",32,28,"C","Sample",33,12,6,8e-05,5,195.650624959805,-1.02698501511352,-8.21588012090816e-05,-4.24885926858699e-05,-3.96702085232117e-05,-7.93404170464235e-06,-0.00793404170464235
"215","20230623",18,"C6",710,"WT1",32,28,"WT","Sample",33,12,6,8e-05,4,186.68061942959,-1.61597593582888,-0.00012927807486631,-4.24885926858699e-05,-8.67894821804406e-05,-2.16973705451101e-05,-0.0216973705451101
"216","20230623",24,"D6",710,"WT2",32,28,"WT","Sample",33,12,6,8e-05,5,190.386367627105,-1.07010775001996,-8.56086200015968e-05,-4.24885926858699e-05,-4.31200273157269e-05,-8.62400546314539e-06,-0.00862400546314539
"217","20230623",1,"A1",641,"MIX2",28,27,"MIX","Sample",33,13,7,8e-05,5,185.282431590656,-0.565348164627369,-4.52278531701895e-05,2.47651389005687e-05,-6.99929920707582e-05,-1.39985984141516e-05,-0.0139985984141516
"218","20230623",7,"B1",641,"MIX1",28,27,"MIX","Sample",33,13,7,8e-05,5,190.610300168719,-0.686806174611574,-5.49444939689259e-05,2.47651389005687e-05,-7.97096328694946e-05,-1.59419265738989e-05,-0.0159419265738989
"219","20230623",13,"C1",641,"C2",28,27,"C","Sample",33,13,7,8e-05,5,187.84772576261,-0.63009362730294,-5.04074901842352e-05,2.47651389005687e-05,-7.51726290848039e-05,-1.50345258169608e-05,-0.0150345258169608
"220","20230623",19,"D1",641,"WT1",28,27,"WT","Sample",33,13,7,8e-05,5,187.239038864699,-0.671549750040314,-5.37239800032251e-05,2.47651389005687e-05,-7.84891189037938e-05,-1.56978237807588e-05,-0.0156978237807588
"221","20230623",2,"A2",641,"C2",28,27,"C","Sample",33,13,7,8e-05,5,187.867513876041,-0.527520814061059,-4.22016651248847e-05,2.47651389005687e-05,-6.69668040254534e-05,-1.33933608050907e-05,-0.0133933608050907
"222","20230623",14,"C2",641,"WT2",28,27,"WT","Sample",33,13,7,8e-05,5,186.18317894647,-0.7425134465978,-5.9401075727824e-05,2.47651389005687e-05,-8.41662146283927e-05,-1.68332429256785e-05,-0.0168332429256785
"223","20230623",20,"D2",641,"MIX2",28,27,"MIX","Sample",33,13,7,8e-05,5,186.011514349872,0.118806484358177,9.50451874865416e-06,2.47651389005687e-05,-1.52606201519145e-05,-3.05212403038291e-06,-0.00305212403038291
"224","20230623",3,"A3",641,"WT2",28,27,"WT","Sample",33,13,7,8e-05,5,184.532324675325,-0.229524265208475,-1.8361941216678e-05,2.47651389005687e-05,-4.31270801172467e-05,-8.62541602344934e-06,-0.00862541602344934
"225","20230623",9,"B3",641,"MIX1",28,27,"MIX","Sample",33,13,7,8e-05,5,187.649365079365,0.643272283272277,5.14617826617822e-05,2.47651389005687e-05,2.66966437612135e-05,5.33932875224269e-06,0.00533932875224269
"226","20230623",15,"C3",641,"C2",28,27,"C","Sample",33,13,7,8e-05,5,189.30136611397,-0.229208309510199,-1.83366647608159e-05,2.47651389005687e-05,-4.31018036613846e-05,-8.62036073227692e-06,-0.00862036073227692
"227","20230623",21,"D3",641,"WT2",28,27,"WT","Sample",33,13,7,8e-05,5,200.599374493927,-1.53568421052631,-0.000122854736842105,2.47651389005687e-05,-0.000147619875742674,-2.95239751485347e-05,-0.0295239751485347
"228","20230623",4,"A4",641,"MIX2",28,27,"MIX","Sample",33,13,7,8e-05,5,190.430653679654,-0.45892352092352,-3.67138816738816e-05,2.47651389005687e-05,-6.14790205744503e-05,-1.22958041148901e-05,-0.0122958041148901
"229","20230623",10,"B4",641,"WT1",28,27,"WT","Sample",33,13,7,8e-05,5,179.997006475486,-0.901372802960222,-7.21098242368178e-05,2.47651389005687e-05,-9.68749631373865e-05,-1.93749926274773e-05,-0.0193749926274773
"230","20230623",16,"C4",641,"C1",28,27,"C","Sample",33,13,7,8e-05,5,194.989367587035,-0.786556542617047,-6.29245234093638e-05,2.47651389005687e-05,-8.76896623099325e-05,-1.75379324619865e-05,-0.0175379324619865
"231","20230623",22,"D4",641,"C1",28,27,"C","Sample",33,13,7,8e-05,5,192.969968338399,-0.768831958315246,-6.15065566652197e-05,2.47651389005687e-05,-8.62716955657884e-05,-1.72543391131577e-05,-0.0172543391131577
"232","20230623",5,"A5",641,"MIX1",28,27,"MIX","Sample",33,13,7,8e-05,5,191.528993433396,-0.530574108818016,-4.24459287054413e-05,2.47651389005687e-05,-6.721106760601e-05,-1.3442213521202e-05,-0.013442213521202
"233","20230623",11,"B5",641,"C1",28,27,"C","Sample",33,13,7,8e-05,5,198.636863416776,-1.32018445322793,-0.000105614756258234,2.47651389005687e-05,-0.000130379895158803,-2.60759790317606e-05,-0.0260759790317606
"234","20230623",23,"D5",641,"MIX1",28,27,"MIX","Sample",33,13,7,8e-05,5,194.070936319719,-0.468505928853754,-3.74804743083003e-05,2.47651389005687e-05,-6.2245613208869e-05,-1.24491226417738e-05,-0.0124491226417738
"235","20230623",6,"A6",641,"C1",28,27,"C","Sample",33,13,7,8e-05,5,186.181608189504,-0.193141560651489,-1.54513248521191e-05,2.47651389005687e-05,-4.02164637526878e-05,-8.04329275053756e-06,-0.00804329275053756
"236","20230623",18,"C6",641,"WT1",28,27,"WT","Sample",33,13,7,8e-05,5,189.959071500941,0.0617108119843604,4.93686495874883e-06,2.47651389005687e-05,-1.98282739418199e-05,-3.96565478836397e-06,-0.00396565478836397
"237","20230623",24,"D6",641,"WT2",28,27,"WT","Sample",33,13,7,8e-05,5,188.104355101664,-0.408106062936405,-3.26484850349124e-05,2.47651389005687e-05,-5.74136239354811e-05,-1.14827247870962e-05,-0.0114827247870962
"238","20230623",1,"A1",710,"WT1",28,27,"WT","Sample",33,14,7,8e-05,5,184.572720225511,-0.855574348132487,-6.8445947850599e-05,-5.72728755156122e-05,-1.11730723349868e-05,-2.23461446699736e-06,-0.00223461446699736
"239","20230623",7,"B1",710,"MIX1",28,27,"MIX","Sample",33,14,7,8e-05,5,184.229489076815,-1.23285130373503,-9.86281042988024e-05,-5.72728755156122e-05,-4.13552287831902e-05,-8.27104575663805e-06,-0.00827104575663805
"240","20230623",19,"D1",710,"C1",28,27,"C","Sample",33,14,7,8e-05,5,180.143193757503,-0.789268667466985,-6.31414933973588e-05,-5.72728755156122e-05,-5.86861788174663e-06,-1.17372357634933e-06,-0.00117372357634933
"241","20230623",8,"B2",710,"C2",28,27,"C","Sample",33,14,7,8e-05,5,186.423610188261,-0.424451827242516,-3.39561461794013e-05,-5.72728755156122e-05,2.33167293362109e-05,4.66334586724218e-06,0.00466334586724218
"242","20230623",14,"C2",710,"MIX2",28,27,"MIX","Sample",33,14,7,8e-05,5,196.543951690821,-1.56850592885375,-0.0001254804743083,-5.72728755156122e-05,-6.82075987926879e-05,-1.36415197585376e-05,-0.0136415197585376
"243","20230623",20,"D2",710,"WT1",28,27,"WT","Sample",33,14,7,8e-05,5,183.16960591133,-0.0499507389162477,-3.99605911329982e-06,-5.72728755156122e-05,5.32768164023124e-05,1.06553632804625e-05,0.0106553632804625
"244","20230623",3,"A3",710,"MIX1",28,27,"MIX","Sample",33,14,7,8e-05,5,198.095697959184,-0.604742857142854,-4.83794285714283e-05,-5.72728755156122e-05,8.89344694418384e-06,1.77868938883677e-06,0.00177868938883677
"245","20230623",9,"B3",710,"C1",28,27,"C","Sample",33,14,7,8e-05,5,202.868202764977,-1.11096582181259,-8.88772657450072e-05,-5.72728755156122e-05,-3.1604390229395e-05,-6.32087804587901e-06,-0.00632087804587901
"246","20230623",15,"C3",710,"WT2",28,27,"WT","Sample",33,14,7,8e-05,5,193.25134551495,-0.879136212624585,-7.03308970099668e-05,-5.72728755156122e-05,-1.30580214943546e-05,-2.61160429887093e-06,-0.00261160429887093
"247","20230623",21,"D3",710,"MIX1",28,27,"MIX","Sample",33,14,7,8e-05,5,194.755915306122,-1.61682857142857,-0.000129346285714286,-5.72728755156122e-05,-7.20734101986734e-05,-1.44146820397347e-05,-0.0144146820397347
"248","20230623",4,"A4",710,"WT2",28,27,"WT","Sample",33,14,7,8e-05,5,200.126244218316,-0.992220166512493,-7.93776133209995e-05,-5.72728755156122e-05,-2.21047378053873e-05,-4.42094756107746e-06,-0.00442094756107746
"249","20230623",10,"B4",710,"WT1",28,27,"WT","Sample",33,14,7,8e-05,5,194.357995192308,-0.587007326007327,-4.69605860805862e-05,-5.72728755156122e-05,1.0312289435026e-05,2.0624578870052e-06,0.0020624578870052
"250","20230623",16,"C4",710,"MIX2",28,27,"MIX","Sample",33,14,7,8e-05,5,198.944400057895,-1.22882110290925,-9.830568823274e-05,-5.72728755156122e-05,-4.10328127171278e-05,-8.20656254342557e-06,-0.00820656254342557
"251","20230623",22,"D4",710,"WT2",28,27,"WT","Sample",33,14,7,8e-05,5,205.725181913945,-1.82881452070335,-0.000146305161656268,-5.72728755156122e-05,-8.90322861406559e-05,-1.78064572281312e-05,-0.0178064572281312
"252","20230623",5,"A5",710,"C2",28,27,"C","Sample",33,14,7,8e-05,5,197.43772556391,-0.979435406698566,-7.83548325358853e-05,-5.72728755156122e-05,-2.10819570202731e-05,-4.21639140405462e-06,-0.00421639140405462
"253","20230623",11,"B5",710,"WT1",28,27,"WT","Sample",33,14,7,8e-05,5,203.320530612245,-0.276897959183668,-2.21518367346934e-05,-5.72728755156122e-05,3.51210387809187e-05,7.02420775618374e-06,0.00702420775618374
"254","20230623",23,"D5",710,"C1",28,27,"C","Sample",33,14,7,8e-05,5,191.959034843206,-0.849017421602785,-6.79213937282228e-05,-5.72728755156122e-05,-1.06485182126106e-05,-2.12970364252213e-06,-0.00212970364252213
"255","20230623",6,"A6",710,"MIX2",28,27,"MIX","Sample",33,14,7,8e-05,5,190.836587292767,0.963909974993053,7.71127979994443e-05,-5.72728755156122e-05,0.000134385673515056,2.68771347030113e-05,0.0268771347030113
"256","20230623",12,"B6",710,"C1",28,27,"C","Sample",33,14,7,8e-05,5,206.835532467533,-1.91522077922078,-0.000153217662337662,-5.72728755156122e-05,-9.59447868220503e-05,-1.918895736441e-05,-0.01918895736441
"257","20230623",18,"C6",710,"MIX2",28,27,"MIX","Sample",33,14,7,8e-05,5,202.648393728223,-1.41924041811847,-0.000113539233449478,-5.72728755156122e-05,-5.62663579338654e-05,-1.12532715867731e-05,-0.0112532715867731
"258","20230623",24,"D6",710,"C2",28,27,"C","Sample",33,14,7,8e-05,5,192.32062183384,-0.0856057316543702,-6.84845853234962e-06,-5.72728755156122e-05,5.04244169832626e-05,1.00848833966525e-05,0.0100848833966525
"259","20230623",1,"A1",641,"WT1",36,32,"WT","Sample",33,15,8,8e-05,5,161.097681920318,0.30138708841068,2.41109670728544e-05,5.25414352024567e-05,-2.84304681296023e-05,-5.68609362592046e-06,-0.00568609362592046
"260","20230623",7,"B1",641,"MIX1",36,32,"MIX","Sample",33,15,8,8e-05,5,167.800096153846,-0.221096153846155,-1.76876923076924e-05,5.25414352024567e-05,-7.02291275101491e-05,-1.40458255020298e-05,-0.0140458255020298
"261","20230623",19,"D1",641,"C1",36,32,"C","Sample",33,15,8,8e-05,5,176.414709738023,-0.0955816720592854,-7.64653376474283e-06,5.25414352024567e-05,-6.01879689671995e-05,-1.20375937934399e-05,-0.0120375937934399
"262","20230623",8,"B2",641,"C2",36,32,"C","Sample",33,15,8,8e-05,5,172.37106504495,0.12389635113696,9.9117080909568e-06,5.25414352024567e-05,-4.26297271114999e-05,-8.52594542229998e-06,-0.00852594542229998
"263","20230623",14,"C2",641,"MIX2",36,32,"MIX","Sample",33,15,8,8e-05,5,172.964055504163,0.0227641073080497,1.82112858464398e-06,5.25414352024567e-05,-5.07203066178127e-05,-1.01440613235625e-05,-0.0101440613235625
"264","20230623",20,"D2",641,"WT1",36,32,"WT","Sample",33,15,8,8e-05,5,173.569581496845,-0.00472647135078678,-3.78117708062942e-07,5.25414352024567e-05,-5.29195529105196e-05,-1.05839105821039e-05,-0.0105839105821039
"265","20230623",3,"A3",641,"MIX1",36,32,"MIX","Sample",33,15,8,8e-05,5,171.347303855056,-0.52257642269934,-4.18061138159472e-05,5.25414352024567e-05,-9.43475490184039e-05,-1.88695098036808e-05,-0.0188695098036808
"266","20230623",9,"B3",641,"C1",36,32,"C","Sample",33,15,8,8e-05,5,177.953903882124,-0.42326373248845,-3.3861098599076e-05,5.25414352024567e-05,-8.64025338015327e-05,-1.72805067603065e-05,-0.0172805067603065
"267","20230623",15,"C3",641,"WT2",36,32,"WT","Sample",33,15,8,8e-05,5,175.080689582232,-0.809690111052353,-6.47752088841882e-05,5.25414352024567e-05,-0.000117316644086645,-2.3463328817329e-05,-0.023463328817329
"268","20230623",21,"D3",641,"MIX1",36,32,"MIX","Sample",33,15,8,8e-05,5,171.988701071081,-0.267143135345664,-2.13714508276531e-05,5.25414352024567e-05,-7.39128860301098e-05,-1.4782577206022e-05,-0.014782577206022
"269","20230623",4,"A4",641,"WT2",36,32,"WT","Sample",33,15,8,8e-05,5,171.71937194056,-0.461222027972031,-3.68977622377625e-05,5.25414352024567e-05,-8.94391974402192e-05,-1.78878394880438e-05,-0.0178878394880438
"270","20230623",10,"B4",641,"WT1",36,32,"WT","Sample",33,15,8,8e-05,5,175.430510186094,-0.667418095741731,-5.33934476593385e-05,5.25414352024567e-05,-0.000105934882861795,-2.1186976572359e-05,-0.021186976572359
"271","20230623",16,"C4",641,"MIX2",36,32,"MIX","Sample",33,15,8,8e-05,5,172.958555878084,0.237532656023222,1.90026124818578e-05,5.25414352024567e-05,-3.35388227205989e-05,-6.70776454411979e-06,-0.00670776454411979
"272","20230623",22,"D4",641,"WT2",36,32,"WT","Sample",33,15,8,8e-05,5,162.622346171242,0.18599060640852,1.48792485126816e-05,5.25414352024567e-05,-3.76621866897751e-05,-7.53243733795502e-06,-0.00753243733795502
"273","20230623",5,"A5",641,"C2",36,32,"C","Sample",33,15,8,8e-05,5,180.49914202509,-0.168642473118277,-1.34913978494622e-05,5.25414352024567e-05,-6.60328330519188e-05,-1.32065666103838e-05,-0.0132065666103838
"274","20230623",11,"B5",641,"WT1",36,32,"WT","Sample",33,15,8,8e-05,5,181.857710661432,-0.845490788281484,-6.76392630625187e-05,5.25414352024567e-05,-0.000120180698264975,-2.40361396529951e-05,-0.0240361396529951
"275","20230623",17,"C5",641,"MIX2",36,32,"MIX","Sample",33,15,8,8e-05,5,170.197121574319,-0.324021173055583,-2.59216938444466e-05,5.25414352024567e-05,-7.84631290469033e-05,-1.56926258093807e-05,-0.0156926258093807
"276","20230623",23,"D5",641,"C1",36,32,"C","Sample",33,15,8,8e-05,5,180.119777292442,-0.284379095019838,-2.2750327601587e-05,5.25414352024567e-05,-7.52917628040437e-05,-1.50583525608087e-05,-0.0150583525608087
"277","20230623",6,"A6",641,"MIX2",36,32,"MIX","Sample",33,15,8,8e-05,5,168.98978863242,0.485663809874333,3.88531047899466e-05,5.25414352024567e-05,-1.368833041251e-05,-2.73766608250201e-06,-0.00273766608250201
"278","20230623",12,"B6",641,"C1",36,32,"C","Sample",33,15,8,8e-05,5,175.939215962441,-0.599417840375584,-4.79534272300467e-05,5.25414352024567e-05,-0.000100494862432503,-2.00989724865007e-05,-0.0200989724865007
"279","20230623",24,"D6",641,"C2",36,32,"C","Sample",33,15,8,8e-05,5,168.46650358008,0.120809055244711,9.66472441957688e-06,5.25414352024567e-05,-4.28767107828798e-05,-8.57534215657596e-06,-0.00857534215657596
"280","20230623",1,"A1",710,"MIX2",36,32,"MIX","Sample",33,16,8,8e-05,5,171.781726008223,-1.21109964132622,-9.68879713060976e-05,-6.03791099188794e-05,-3.65088613872182e-05,-7.30177227744365e-06,-0.00730177227744365
"281","20230623",7,"B1",710,"MIX1",36,32,"MIX","Sample",33,16,8,8e-05,5,177.786741565452,-1.49989473684211,-0.000119991578947369,-6.03791099188794e-05,-5.96124690284894e-05,-1.19224938056979e-05,-0.0119224938056979
"282","20230623",13,"C1",710,"C2",36,32,"C","Sample",33,16,8,8e-05,5,191.991191283908,-2.84531198780256,-0.000227624959024205,-6.03791099188794e-05,-0.000167245849105325,-3.34491698210651e-05,-0.0334491698210651
"283","20230623",19,"D1",710,"WT1",36,32,"WT","Sample",33,16,8,8e-05,5,169.119446153846,-0.765661538461537,-6.1252923076923e-05,-6.03791099188794e-05,-8.73813158043596e-07,-1.74762631608719e-07,-0.000174762631608719
"284","20230623",2,"A2",710,"C2",36,32,"C","Sample",33,16,8,8e-05,5,182.030122551701,-1.78648867490973,-0.000142919093992778,-6.03791099188794e-05,-8.2539984073899e-05,-1.65079968147798e-05,-0.0165079968147798
"285","20230623",14,"C2",710,"WT2",36,32,"WT","Sample",33,16,8,8e-05,5,176.511997885835,-0.966807610993661,-7.73446088794929e-05,-6.03791099188794e-05,-1.69654989606135e-05,-3.3930997921227e-06,-0.0033930997921227
"286","20230623",20,"D2",710,"MIX2",36,32,"MIX","Sample",33,16,8,8e-05,5,165.650854978355,-1.18952092352093,-9.51616738816744e-05,-6.03791099188794e-05,-3.4782563962795e-05,-6.95651279255901e-06,-0.00695651279255901
"287","20230623",3,"A3",710,"WT2",36,32,"WT","Sample",33,16,8,8e-05,5,183.569263022093,-1.63910337042413,-0.00013112826963393,-6.03791099188794e-05,-7.0749159715051e-05,-1.41498319430102e-05,-0.0141498319430102
"288","20230623",9,"B3",710,"MIX1",36,32,"MIX","Sample",33,16,8,8e-05,5,178.761051383399,-0.89210013175231,-7.13680105401848e-05,-6.03791099188794e-05,-1.09889006213054e-05,-2.19778012426109e-06,-0.00219778012426109
"289","20230623",15,"C3",710,"C2",36,32,"C","Sample",33,16,8,8e-05,5,171.793968139298,-1.40020561267018,-0.000112016449013614,-6.03791099188794e-05,-5.1637339094735e-05,-1.0327467818947e-05,-0.010327467818947
"290","20230623",21,"D3",710,"WT2",36,32,"WT","Sample",33,16,8,8e-05,5,159.954951762999,-1.47067190301375,-0.0001176537522411,-6.03791099188794e-05,-5.72746423222206e-05,-1.14549284644441e-05,-0.0114549284644441
"291","20230623",4,"A4",710,"MIX2",36,32,"MIX","Sample",33,16,8,8e-05,5,177.030534320622,-0.702036875231397,-5.61629500185118e-05,-6.03791099188794e-05,4.21615990036761e-06,8.43231980073521e-07,0.000843231980073521
"292","20230623",10,"B4",710,"WT1",36,32,"WT","Sample",33,16,8,8e-05,5,166.754977438556,-1.08285522273425,-8.662841781874e-05,-6.03791099188794e-05,-2.62493078998606e-05,-5.24986157997213e-06,-0.00524986157997213
"293","20230623",16,"C4",710,"C1",36,32,"C","Sample",33,16,8,8e-05,5,163.918414096508,-1.11373603778827,-8.90988830230616e-05,-6.03791099188794e-05,-2.87197731041822e-05,-5.74395462083645e-06,-0.00574395462083645
"294","20230623",22,"D4",710,"C1",36,32,"C","Sample",33,16,8,8e-05,5,164.950448860316,-3.57971478667446,-0.000286377182933957,-6.03791099188794e-05,-0.000225998073015077,-4.51996146030155e-05,-0.0451996146030155
"295","20230623",5,"A5",710,"MIX1",36,32,"MIX","Sample",33,16,8,8e-05,5,169.037028493894,-1.79473541383989,-0.000143578833107191,-6.03791099188794e-05,-8.31997231883119e-05,-1.66399446376624e-05,-0.0166399446376624
"296","20230623",11,"B5",710,"C1",36,32,"C","Sample",33,16,8,8e-05,5,166.01701948052,-0.408129870129874,-3.26503896103899e-05,-6.03791099188794e-05,2.77287203084894e-05,5.54574406169789e-06,0.00554574406169789
"297","20230623",23,"D5",710,"MIX1",36,32,"MIX","Sample",33,16,8,8e-05,5,166.795323028508,-1.5186832037517,-0.000121494656300136,-6.03791099188794e-05,-6.11155463812566e-05,-1.22231092762513e-05,-0.0122231092762513
"298","20230623",6,"A6",710,"C1",36,32,"C","Sample",33,16,8,8e-05,5,178.72250348432,-1.2641881533101,-0.000101135052264808,-6.03791099188794e-05,-4.07559423459286e-05,-8.15118846918573e-06,-0.00815118846918573
"299","20230623",18,"C6",710,"WT1",36,32,"WT","Sample",33,16,8,8e-05,5,168.668113207547,-1.41788098693759,-0.000113430478955007,-6.03791099188794e-05,-5.30513690361278e-05,-1.06102738072256e-05,-0.0106102738072256
"300","20230623",24,"D6",710,"WT2",36,32,"WT","Sample",33,16,8,8e-05,5,165.254509246088,-0.329141773352296,-2.63313418681837e-05,-6.03791099188794e-05,3.40477680506957e-05,6.80955361013914e-06,0.00680955361013914
"301","20230623",1,"A1",641,"MIX2",39,34,"MIX","Sample",33,17,9,8e-05,5,174.370904850056,-0.433712550907072,-3.46970040725658e-05,3.87987102848926e-05,-7.34957143574583e-05,-1.46991428714917e-05,-0.0146991428714917
"302","20230623",7,"B1",641,"MIX1",39,34,"MIX","Sample",33,17,9,8e-05,5,167.995610514624,-0.577735061088484,-4.62188048870787e-05,3.87987102848926e-05,-8.50175151719713e-05,-1.70035030343943e-05,-0.0170035030343943
"303","20230623",13,"C1",641,"C2",39,34,"C","Sample",33,17,9,8e-05,5,153.720175837908,0.156218018603881,1.24974414883105e-05,3.87987102848926e-05,-2.63012687965821e-05,-5.26025375931642e-06,-0.00526025375931642
"304","20230623",19,"D1",641,"WT1",39,34,"WT","Sample",33,17,9,8e-05,5,170.356010506906,-0.402859826740425,-3.2228786139234e-05,3.87987102848926e-05,-7.10274964241266e-05,-1.42054992848253e-05,-0.0142054992848253
"305","20230623",2,"A2",641,"C2",39,34,"C","Sample",33,17,9,8e-05,5,162.783683893674,0.425430397332593,3.40344317866074e-05,3.87987102848926e-05,-4.76427849828512e-06,-9.52855699657024e-07,-0.000952855699657024
"306","20230623",14,"C2",641,"WT2",39,34,"WT","Sample",33,17,9,8e-05,5,162.298994426626,-0.176025027603976,-1.40820022083181e-05,3.87987102848926e-05,-5.28807124932106e-05,-1.05761424986421e-05,-0.0105761424986421
"307","20230623",20,"D2",641,"MIX2",39,34,"MIX","Sample",33,17,9,8e-05,5,163.364991220369,-0.687948238347901,-5.50358590678321e-05,3.87987102848926e-05,-9.38345693527246e-05,-1.87669138705449e-05,-0.0187669138705449
"308","20230623",3,"A3",641,"WT2",39,34,"WT","Sample",33,17,9,8e-05,5,167.954649259057,-0.49121027664666,-3.92968221317328e-05,3.87987102848926e-05,-7.80955324166254e-05,-1.56191064833251e-05,-0.0156191064833251
"309","20230623",9,"B3",641,"MIX1",39,34,"MIX","Sample",33,17,9,8e-05,5,164.587131833567,-0.0187738487826633,-1.50190790261306e-06,3.87987102848926e-05,-4.03006181875056e-05,-8.06012363750113e-06,-0.00806012363750113
"310","20230623",15,"C3",641,"C2",39,34,"C","Sample",33,17,9,8e-05,5,168.324443101408,-0.662529777643475,-5.3002382211478e-05,3.87987102848926e-05,-9.18010924963706e-05,-1.83602184992741e-05,-0.0183602184992741
"311","20230623",21,"D3",641,"WT2",39,34,"WT","Sample",33,17,9,8e-05,5,165.197385458531,-0.464473511143587,-3.7157880891487e-05,3.87987102848926e-05,-7.59565911763795e-05,-1.51913182352759e-05,-0.0151913182352759
"312","20230623",4,"A4",641,"MIX2",39,34,"MIX","Sample",33,17,9,8e-05,5,156.387455102041,0.0578489795918432,4.62791836734746e-06,3.87987102848926e-05,-3.41707919175451e-05,-6.83415838350902e-06,-0.00683415838350902
"313","20230623",10,"B4",641,"WT1",39,34,"WT","Sample",33,17,9,8e-05,5,162.522363653142,-0.606902703866621,-4.85522163093297e-05,3.87987102848926e-05,-8.73509265942223e-05,-1.74701853188445e-05,-0.0174701853188445
"314","20230623",16,"C4",641,"C1",39,34,"C","Sample",33,17,9,8e-05,5,162.736949097202,-0.6868619192216,-5.4948953537728e-05,3.87987102848926e-05,-9.37476638226206e-05,-1.87495327645241e-05,-0.0187495327645241
"315","20230623",22,"D4",641,"C1",39,34,"C","Sample",33,17,9,8e-05,5,165.168611095306,-0.0482230440967224,-3.85784352773779e-06,3.87987102848926e-05,-4.26565538126304e-05,-8.53131076252607e-06,-0.00853131076252607
"316","20230623",5,"A5",641,"MIX1",39,34,"MIX","Sample",33,17,9,8e-05,5,162.230465819919,-0.317063157780172,-2.53650526224138e-05,3.87987102848926e-05,-6.41637629073063e-05,-1.28327525814613e-05,-0.0128327525814613
"317","20230623",11,"B5",641,"C1",39,34,"C","Sample",33,17,9,8e-05,5,158.563263264099,0.119450579271475,9.556046341718e-06,3.87987102848926e-05,-2.92426639431746e-05,-5.84853278863491e-06,-0.00584853278863491
"318","20230623",23,"D5",641,"MIX1",39,34,"MIX","Sample",33,17,9,8e-05,5,169.480380785474,-0.107105923210498,-8.56847385683984e-06,3.87987102848926e-05,-4.73671841417324e-05,-9.47343682834648e-06,-0.00947343682834648
"319","20230623",6,"A6",641,"C1",39,34,"C","Sample",33,17,9,8e-05,5,165.509117882919,-0.316952686447474,-2.53562149157979e-05,3.87987102848926e-05,-6.41549252006905e-05,-1.28309850401381e-05,-0.0128309850401381
"320","20230623",18,"C6",641,"WT1",39,34,"WT","Sample",33,17,9,8e-05,5,165.733266955267,-0.488305916305922,-3.90644733044738e-05,3.87987102848926e-05,-7.78631835893663e-05,-1.55726367178733e-05,-0.0155726367178733
"321","20230623",24,"D6",641,"WT2",39,34,"WT","Sample",33,17,9,8e-05,5,167.528497381952,-0.519885277607436,-4.15908222085949e-05,3.87987102848926e-05,-8.03895324934874e-05,-1.60779064986975e-05,-0.0160779064986975
"322","20230623",1,"A1",710,"WT1",39,34,"WT","Sample",33,18,9,8e-05,5,146.327272355348,-1.05193921683226,-8.41551373465808e-05,-1.85469487351602e-05,-6.56081886114206e-05,-1.31216377222841e-05,-0.0131216377222841
"323","20230623",7,"B1",710,"MIX1",39,34,"MIX","Sample",33,18,9,8e-05,5,144.598123255022,-0.631519237316992,-5.05215389853594e-05,-1.85469487351602e-05,-3.19745902501992e-05,-6.39491805003983e-06,-0.00639491805003983
"324","20230623",19,"D1",710,"C1",39,34,"C","Sample",33,18,9,8e-05,5,155.653276371308,-1.0431031411158,-8.3448251289264e-05,-1.85469487351602e-05,-6.49013025541038e-05,-1.29802605108208e-05,-0.0129802605108208
"325","20230623",8,"B2",710,"C2",39,34,"C","Sample",33,18,9,8e-05,5,150.515661134885,-1.30270994676965,-0.000104216795741572,-1.85469487351602e-05,-8.56698470064118e-05,-1.71339694012824e-05,-0.0171339694012824
"326","20230623",14,"C2",710,"MIX2",39,34,"MIX","Sample",33,18,9,8e-05,5,150.658993360806,-1.34669322344322,-0.000107735457875458,-1.85469487351602e-05,-8.91885091402974e-05,-1.78377018280595e-05,-0.0178377018280595
"327","20230623",20,"D2",710,"WT1",39,34,"WT","Sample",33,18,9,8e-05,5,145.744978962132,-0.62460397947074,-4.99683183576592e-05,-1.85469487351602e-05,-3.1421369622499e-05,-6.2842739244998e-06,-0.0062842739244998
"328","20230623",3,"A3",710,"MIX1",39,34,"MIX","Sample",33,18,9,8e-05,5,147.503006848224,-1.68860646599777,-0.000135088517279822,-1.85469487351602e-05,-0.000116541568544661,-2.33083137089323e-05,-0.0233083137089323
"329","20230623",9,"B3",710,"C1",39,34,"C","Sample",33,18,9,8e-05,5,147.588489375131,-0.322196507468966,-2.57757205975173e-05,-1.85469487351602e-05,-7.22877186235708e-06,-1.44575437247142e-06,-0.00144575437247142
"330","20230623",15,"C3",710,"WT2",39,34,"WT","Sample",33,18,9,8e-05,4,147.117594437963,-0.34160268793553,-2.73282150348424e-05,-1.85469487351602e-05,-8.7812662996822e-06,-2.19531657492055e-06,-0.00219531657492055
"331","20230623",21,"D3",710,"MIX1",39,34,"MIX","Sample",33,18,9,8e-05,4,154.192714703018,-1.74938266796495,-0.000139950613437196,-1.85469487351602e-05,-0.000121403664702036,-3.0350916175509e-05,-0.030350916175509
"332","20230623",4,"A4",710,"WT2",39,34,"WT","Sample",33,18,9,8e-05,5,148.046371223278,-0.870872495202394,-6.96697996161915e-05,-1.85469487351602e-05,-5.11228508810313e-05,-1.02245701762063e-05,-0.0102245701762063
"333","20230623",10,"B4",710,"WT1",39,34,"WT","Sample",33,18,9,8e-05,5,147.737413533835,-0.573112781954887,-4.5849022556391e-05,-1.85469487351602e-05,-2.73020738212308e-05,-5.46041476424615e-06,-0.00546041476424615
"334","20230623",16,"C4",710,"MIX2",39,34,"MIX","Sample",33,18,9,8e-05,5,154.582102623115,-0.773814539890489,-6.19051631912391e-05,-1.85469487351602e-05,-4.33582144560789e-05,-8.67164289121578e-06,-0.00867164289121579
"335","20230623",22,"D4",710,"WT2",39,34,"WT","Sample",33,18,9,8e-05,5,118.450627318174,0.513678438961461,4.10942751169169e-05,-1.85469487351602e-05,5.96412238520771e-05,1.19282447704154e-05,0.0119282447704154
"336","20230623",5,"A5",710,"C2",39,34,"C","Sample",33,18,9,8e-05,5,131.928902064119,-0.565675889328065,-4.52540711462452e-05,-1.85469487351602e-05,-2.6707122411085e-05,-5.341424482217e-06,-0.005341424482217
"337","20230623",11,"B5",710,"WT1",39,34,"WT","Sample",33,18,9,8e-05,5,149.123606019152,-0.818714090287275,-6.5497127222982e-05,-1.85469487351602e-05,-4.69501784878218e-05,-9.39003569756436e-06,-0.00939003569756436
"338","20230623",23,"D5",710,"C1",39,34,"C","Sample",33,18,9,8e-05,5,143.510980529567,-2.96006704475671,-0.000236805363580537,-1.85469487351602e-05,-0.000218258414845377,-4.36516829690753e-05,-0.0436516829690753
"339","20230623",6,"A6",710,"MIX2",39,34,"MIX","Sample",33,18,9,8e-05,5,143.649725671965,-0.62216792200922,-4.97734337607376e-05,-1.85469487351602e-05,-3.12264850255774e-05,-6.24529700511548e-06,-0.00624529700511548
"340","20230623",12,"B6",710,"C1",39,34,"C","Sample",33,18,9,8e-05,5,150.393965464076,-2.22759173604687,-0.00017820733888375,-1.85469487351602e-05,-0.000159660390148589,-3.19320780297179e-05,-0.0319320780297179
"341","20230623",18,"C6",710,"MIX2",39,34,"MIX","Sample",33,18,9,8e-05,5,149.363831168831,-1.47543403964457,-0.000118034723171566,-1.85469487351602e-05,-9.94877744364054e-05,-1.98975548872811e-05,-0.0198975548872811
"342","20230623",24,"D6",710,"C2",39,34,"C","Sample",33,18,9,8e-05,5,154.958346153846,-1.05795604395604,-8.46364835164832e-05,-1.85469487351602e-05,-6.6089534781323e-05,-1.32179069562646e-05,-0.0132179069562646
"343","20230623",1,"A1",641,"WT1",40,37,"WT","Sample",33,19,10,8e-05,5,171.881069201377,-0.538258597103636,-4.30606877682909e-05,1.83912366253839e-05,-6.14519243936748e-05,-1.2290384878735e-05,-0.012290384878735
"344","20230623",7,"B1",641,"MIX1",40,37,"MIX","Sample",33,19,10,8e-05,5,158.501895078606,0.594501708817495,4.75601367053996e-05,1.83912366253839e-05,2.91689000800157e-05,5.83378001600314e-06,0.00583378001600314
"345","20230623",19,"D1",641,"C1",40,37,"C","Sample",33,19,10,8e-05,5,173.2060907173,-0.189308016877638,-1.5144641350211e-05,1.83912366253839e-05,-3.35358779755949e-05,-6.70717559511899e-06,-0.00670717559511899
"346","20230623",8,"B2",641,"C2",40,37,"C","Sample",33,19,10,8e-05,5,173.03865881459,-0.599027355623107,-4.79221884498486e-05,1.83912366253839e-05,-6.63134250752325e-05,-1.32626850150465e-05,-0.0132626850150465
"347","20230623",14,"C2",641,"MIX2",40,37,"MIX","Sample",33,19,10,8e-05,5,183.202748462064,-1.50288585099112,-0.00012023086807929,1.83912366253839e-05,-0.000138622104704674,-2.77244209409347e-05,-0.0277244209409347
"348","20230623",20,"D2",641,"WT1",40,37,"WT","Sample",33,19,10,8e-05,5,165.002174782368,-0.260414039189143,-2.08331231351314e-05,1.83912366253839e-05,-3.92243597605153e-05,-7.84487195210307e-06,-0.00784487195210307
"349","20230623",3,"A3",641,"MIX1",40,37,"MIX","Sample",33,19,10,8e-05,5,190.132363890477,-0.821106155898606,-6.56884924718885e-05,1.83912366253839e-05,-8.40797290972724e-05,-1.68159458194545e-05,-0.0168159458194545
"350","20230623",9,"B3",641,"C1",40,37,"C","Sample",33,19,10,8e-05,5,182.834673076923,-1.18084615384615,-9.4467692307692e-05,1.83912366253839e-05,-0.000112858928933076,-2.25717857866152e-05,-0.0225717857866152
"351","20230623",15,"C3",641,"WT2",40,37,"WT","Sample",33,19,10,8e-05,5,178.753045234708,-0.741163015647224,-5.92930412517779e-05,1.83912366253839e-05,-7.76842778771618e-05,-1.55368555754324e-05,-0.0155368555754324
"352","20230623",21,"D3",641,"MIX1",40,37,"MIX","Sample",33,19,10,8e-05,5,181.429251879699,-0.398580997949418,-3.18864798359534e-05,1.83912366253839e-05,-5.02777164613373e-05,-1.00555432922675e-05,-0.0100555432922675
"353","20230623",4,"A4",641,"WT2",40,37,"WT","Sample",33,19,10,8e-05,5,177.099857597628,-0.291681125610556,-2.33344900488445e-05,1.83912366253839e-05,-4.17257266742284e-05,-8.34514533484567e-06,-0.00834514533484567
"354","20230623",10,"B4",641,"WT1",40,37,"WT","Sample",33,19,10,8e-05,5,168.981624879674,-0.129041984450201,-1.03233587560161e-05,1.83912366253839e-05,-2.87145953814e-05,-5.74291907628e-06,-0.00574291907628
"355","20230623",16,"C4",641,"MIX2",40,37,"MIX","Sample",33,19,10,8e-05,5,178.290457177426,-1.2348716619134,-9.8789732953072e-05,1.83912366253839e-05,-0.000117180969578456,-2.34361939156912e-05,-0.0234361939156912
"356","20230623",22,"D4",641,"WT2",40,37,"WT","Sample",33,19,10,8e-05,5,168.58849726776,0.901180327868853,7.20944262295082e-05,1.83912366253839e-05,5.37031896041244e-05,1.07406379208249e-05,0.0107406379208249
"357","20230623",5,"A5",641,"C2",40,37,"C","Sample",33,19,10,8e-05,5,170.037714514836,0.115150543121673,9.21204344973384e-06,1.83912366253839e-05,-9.17919317565005e-06,-1.83583863513001e-06,-0.00183583863513001
"358","20230623",11,"B5",641,"WT1",40,37,"WT","Sample",33,19,10,8e-05,5,185.312042168358,-1.08192228823807,-8.65537830590456e-05,1.83912366253839e-05,-0.000104945019684429,-2.09890039368859e-05,-0.0209890039368859
"359","20230623",23,"D5",641,"C1",40,37,"C","Sample",33,19,10,8e-05,5,180.540708680793,-0.38205003417635,-3.0564002734108e-05,1.83912366253839e-05,-4.89552393594919e-05,-9.79104787189838e-06,-0.00979104787189838
"360","20230623",6,"A6",641,"MIX2",40,37,"MIX","Sample",33,19,10,8e-05,5,177.648572699095,-0.279961255327391,-2.23969004261913e-05,1.83912366253839e-05,-4.07881370515752e-05,-8.15762741031503e-06,-0.00815762741031503
"361","20230623",12,"B6",641,"C1",40,37,"C","Sample",33,19,10,8e-05,5,184.839155251142,-0.295799086757991,-2.36639269406393e-05,1.83912366253839e-05,-4.20551635660232e-05,-8.41103271320463e-06,-0.00841103271320463
"362","20230623",18,"C6",641,"MIX2",40,37,"MIX","Sample",33,19,10,8e-05,5,182.191484572855,-0.311614767255216,-2.49291813804173e-05,1.83912366253839e-05,-4.33204180058012e-05,-8.66408360116023e-06,-0.00866408360116023
"363","20230623",24,"D6",641,"C2",40,37,"C","Sample",33,19,10,8e-05,5,177.397183458647,-0.149777717019823,-1.19822173615858e-05,1.83912366253839e-05,-3.03734539869697e-05,-6.07469079739395e-06,-0.00607469079739395
"364","20230623",1,"A1",710,"MIX2",40,37,"MIX","Sample",33,20,10,8e-05,5,177.791769962982,-1.44624219989424,-0.000115699375991539,-2.94579617895251e-05,-8.62414142020141e-05,-1.72482828404028e-05,-0.0172482828404028
"365","20230623",7,"B1",710,"MIX1",40,37,"MIX","Sample",33,20,10,8e-05,5,164.604243157504,-1.2399773210489,-9.9198185683912e-05,-2.94579617895251e-05,-6.97402238943869e-05,-1.39480447788774e-05,-0.0139480447788774
"366","20230623",13,"C1",710,"C2",40,37,"C","Sample",33,20,10,8e-05,5,172.821993551446,-0.625577240398292,-5.00461792318634e-05,-2.94579617895251e-05,-2.05882174423382e-05,-4.11764348846765e-06,-0.00411764348846765
"367","20230623",19,"D1",710,"WT1",40,37,"WT","Sample",33,20,10,8e-05,5,171.766335475051,-0.628514559125086,-5.02811647300069e-05,-2.94579617895251e-05,-2.08232029404818e-05,-4.16464058809635e-06,-0.00416464058809635
"368","20230623",2,"A2",710,"C2",40,37,"C","Sample",33,20,10,8e-05,5,165.37444488786,-0.939608907334985,-7.51687125867988e-05,-2.94579617895251e-05,-4.57107507972737e-05,-9.14215015945474e-06,-0.00914215015945474
"369","20230623",14,"C2",710,"WT2",40,37,"WT","Sample",33,20,10,8e-05,5,157.549031442242,-2.46847245386193,-0.000197477796308954,-2.94579617895251e-05,-0.000168019834519429,-3.36039669038859e-05,-0.0336039669038859
"370","20230623",20,"D2",710,"MIX2",40,37,"MIX","Sample",33,20,10,8e-05,5,173.186557061126,-0.991967479674793,-7.93573983739835e-05,-2.94579617895251e-05,-4.98994365844583e-05,-9.97988731689166e-06,-0.00997988731689167
"371","20230623",3,"A3",710,"WT2",40,37,"WT","Sample",33,20,10,8e-05,5,153.10154880187,-0.65908825248393,-5.27270601987144e-05,-2.94579617895251e-05,-2.32690984091893e-05,-4.65381968183786e-06,-0.00465381968183786
"372","20230623",9,"B3",710,"MIX1",40,37,"MIX","Sample",33,20,10,8e-05,5,170.66733139323,-1.16258730464982,-9.30069843719856e-05,-2.94579617895251e-05,-6.35490225824605e-05,-1.27098045164921e-05,-0.0127098045164921
"373","20230623",15,"C3",710,"C2",40,37,"C","Sample",33,20,10,8e-05,4,165.749151576123,-0.96146210596915,-7.6916968477532e-05,-2.94579617895251e-05,-4.74590066880069e-05,-1.18647516720017e-05,-0.0118647516720017
"374","20230623",21,"D3",710,"WT2",40,37,"WT","Sample",33,20,10,8e-05,4,166.056374799457,-1.13776872763174,-9.10214982105392e-05,-2.94579617895251e-05,-6.15635364210141e-05,-1.53908841052535e-05,-0.0153908841052535
"375","20230623",4,"A4",710,"MIX2",40,37,"MIX","Sample",33,20,10,8e-05,5,170.439432245648,-1.43736505992476,-0.000114989204793981,-2.94579617895251e-05,-8.55312430044557e-05,-1.71062486008911e-05,-0.0171062486008911
"376","20230623",10,"B4",710,"WT1",40,37,"WT","Sample",33,20,10,8e-05,5,168.57899321574,-1.77837302995512,-0.00014226984239641,-2.94579617895251e-05,-0.000112811880606884,-2.25623761213769e-05,-0.0225623761213769
"377","20230623",16,"C4",710,"C1",40,37,"C","Sample",33,20,10,8e-05,5,174.447332629288,-1.79319316436252,-0.000143455453149002,-2.94579617895251e-05,-0.000113997491359477,-2.27994982718953e-05,-0.0227994982718953
"378","20230623",22,"D4",710,"C1",40,37,"C","Sample",33,20,10,8e-05,5,172.759936616068,-5.33621147723065,-0.000426896918178452,-2.94579617895251e-05,-0.000397438956388927,-7.94877912777854e-05,-0.0794877912777854
"379","20230623",5,"A5",710,"MIX1",40,37,"MIX","Sample",33,20,10,8e-05,5,167.014185560903,-1.12937549055905,-9.0350039244724e-05,-2.94579617895251e-05,-6.08920774551989e-05,-1.21784154910398e-05,-0.0121784154910398
"380","20230623",11,"B5",710,"C1",40,37,"C","Sample",33,20,10,8e-05,5,166.520202252944,-0.476474654377877,-3.81179723502302e-05,-2.94579617895251e-05,-8.66001056070505e-06,-1.73200211214101e-06,-0.00173200211214101
"381","20230623",23,"D5",710,"MIX1",40,37,"MIX","Sample",33,20,10,8e-05,5,174.016216777077,-2.59829515523985,-0.000207863612419188,-2.94579617895251e-05,-0.000178405650629663,-3.56811301259326e-05,-0.0356811301259326
"382","20230623",6,"A6",710,"C1",40,37,"C","Sample",33,20,10,8e-05,5,161.339093642925,-0.688069548735146,-5.50455638988117e-05,-2.94579617895251e-05,-2.55876021092866e-05,-5.11752042185731e-06,-0.00511752042185731
"383","20230623",18,"C6",710,"WT1",40,37,"WT","Sample",33,20,10,8e-05,5,171.036888301572,-2.21291569190303,-0.000177033255352242,-2.94579617895251e-05,-0.000147575293562717,-2.95150587125435e-05,-0.0295150587125435
"384","20230623",24,"D6",710,"WT2",40,37,"WT","Sample",33,20,10,8e-05,5,181.010074046649,-1.5231556213748,-0.000121852449709984,-2.94579617895251e-05,-9.23944879204589e-05,-1.84788975840918e-05,-0.0184788975840918
"385","20230623",1,"A1",641,"MIX2",29,28.2,"MIX","Sample",33,21,11,8e-05,5,191.589610314523,-1.53178075855689,-0.000122542460684551,1.13145579546545e-09,-0.000122543592140347,-2.45087184280693e-05,-0.0245087184280693
"386","20230623",7,"B1",641,"MIX1",29,28.2,"MIX","Sample",33,21,11,8e-05,5,192.109737903226,-0.506612903225804,-4.05290322580643e-05,1.13145579546545e-09,-4.05301637138598e-05,-8.10603274277196e-06,-0.00810603274277196
"387","20230623",13,"C1",641,"C2",29,28.2,"C","Sample",33,21,11,8e-05,5,190.04547745694,-0.917401215805472,-7.33920972644378e-05,1.13145579546545e-09,-7.33932287202332e-05,-1.46786457440466e-05,-0.0146786457440466
"388","20230623",19,"D1",641,"WT1",29,28.2,"WT","Sample",33,21,11,8e-05,5,190.947616161616,-1.17923232323232,-9.43385858585856e-05,1.13145579546545e-09,-9.43397173143811e-05,-1.88679434628762e-05,-0.0188679434628762
"389","20230623",2,"A2",641,"C2",29,28.2,"C","Sample",33,21,11,8e-05,5,186.173258772304,-0.757481430888754,-6.05985144711003e-05,1.13145579546545e-09,-6.05996459268958e-05,-1.21199291853792e-05,-0.0121199291853792
"390","20230623",14,"C2",641,"WT2",29,28.2,"WT","Sample",33,21,11,8e-05,5,186.230841437632,-0.856837209302322,-6.85469767441858e-05,1.13145579546545e-09,-6.85481081999812e-05,-1.37096216399962e-05,-0.0137096216399962
"391","20230623",20,"D2",641,"MIX2",29,28.2,"MIX","Sample",33,21,11,8e-05,5,187.806985946421,-0.660527009222667,-5.28421607378134e-05,1.13145579546545e-09,-5.28432921936088e-05,-1.05686584387218e-05,-0.0105686584387218
"392","20230623",3,"A3",641,"WT2",29,28.2,"WT","Sample",33,21,11,8e-05,5,182.620694163088,-0.939823353050798,-7.51858682440639e-05,1.13145579546545e-09,-7.51869996998593e-05,-1.50373999399719e-05,-0.0150373999399719
"393","20230623",9,"B3",641,"MIX1",29,28.2,"MIX","Sample",33,21,11,8e-05,5,186.817754611754,-0.634779922779911,-5.07823938223929e-05,1.13145579546545e-09,-5.07835252781883e-05,-1.01567050556377e-05,-0.0101567050556377
"394","20230623",15,"C3",641,"C2",29,28.2,"C","Sample",33,21,11,8e-05,5,190.057645698428,-1.11545328399631,-8.92362627197048e-05,1.13145579546545e-09,-8.92373941755003e-05,-1.78474788351001e-05,-0.0178474788351001
"395","20230623",21,"D3",641,"WT2",29,28.2,"WT","Sample",33,21,11,8e-05,5,187.71818378045,-0.555843354918288,-4.4467468393463e-05,1.13145579546545e-09,-4.44685998492585e-05,-8.8937199698517e-06,-0.0088937199698517
"396","20230623",4,"A4",641,"MIX2",29,28.2,"MIX","Sample",33,21,11,8e-05,5,180.912709359606,-0.965320197044326,-7.72256157635461e-05,1.13145579546545e-09,-7.72267472193416e-05,-1.54453494438683e-05,-0.0154453494438683
"397","20230623",10,"B4",641,"WT1",29,28.2,"WT","Sample",33,21,11,8e-05,5,181.958302040816,-0.89854693877551,-7.18837551020408e-05,1.13145579546545e-09,-7.18848865578363e-05,-1.43769773115673e-05,-0.0143769773115673
"398","20230623",16,"C4",641,"C1",29,28.2,"C","Sample",33,21,11,8e-05,5,178.248016806723,-0.979146218487405,-7.83316974789924e-05,1.13145579546545e-09,-7.83328289347879e-05,-1.56665657869576e-05,-0.0156665657869576
"399","20230623",22,"D4",641,"C1",29,28.2,"C","Sample",33,21,11,8e-05,5,185.236799154334,-1.03899365750529,-8.31194926004232e-05,1.13145579546545e-09,-8.31206240562187e-05,-1.66241248112437e-05,-0.0166241248112437
"400","20230623",5,"A5",641,"MIX1",29,28.2,"MIX","Sample",33,21,11,8e-05,5,181.359867913501,-0.372965517241375,-2.983724137931e-05,1.13145579546545e-09,-2.98383728351055e-05,-5.96767456702109e-06,-0.00596767456702109
"401","20230623",11,"B5",641,"C1",29,28.2,"C","Sample",33,21,11,8e-05,5,185.390319801205,-0.764288145207045,-6.11430516165636e-05,1.13145579546545e-09,-6.11441830723591e-05,-1.22288366144718e-05,-0.0122288366144718
"402","20230623",23,"D5",641,"MIX1",29,28.2,"MIX","Sample",33,21,11,8e-05,5,183.818765208476,-0.171665071770334,-1.37332057416267e-05,1.13145579546545e-09,-1.37343371974222e-05,-2.74686743948444e-06,-0.00274686743948444
"403","20230623",6,"A6",641,"C1",29,28.2,"C","Sample",33,21,11,8e-05,5,174.903387369651,-0.779379248823395,-6.23503399058716e-05,1.13145579546545e-09,-6.23514713616671e-05,-1.24702942723334e-05,-0.0124702942723334
"404","20230623",18,"C6",641,"WT1",29,28.2,"WT","Sample",33,21,11,8e-05,5,185.616170921199,-0.976325450354306,-7.81060360283445e-05,1.13145579546545e-09,-7.810716748414e-05,-1.5621433496828e-05,-0.015621433496828
"405","20230623",24,"D6",641,"WT2",29,28.2,"WT","Sample",33,21,11,8e-05,5,180.802034139403,-0.942076813655767,-7.53661450924614e-05,1.13145579546545e-09,-7.53672765482568e-05,-1.50734553096514e-05,-0.0150734553096514
"406","20230623",1,"A1",710,"WT1",29,28.2,"WT","Sample",33,22,11,8e-05,5,179.667834087481,-1.03304977375565,-8.2643981900452e-05,-3.43968002084555e-05,-4.82471816919966e-05,-9.64943633839931e-06,-0.00964943633839931
"407","20230623",7,"B1",710,"MIX1",29,28.2,"MIX","Sample",33,22,11,8e-05,5,182.114718576196,-1.36047163515016,-0.000108837730812013,-3.43968002084555e-05,-7.44409306035573e-05,-1.48881861207115e-05,-0.0148881861207115
"408","20230623",19,"D1",710,"C1",29,28.2,"C","Sample",33,22,11,8e-05,5,186.922686868687,-1.42854281949934,-0.000114283425559947,-3.43968002084555e-05,-7.98866253514917e-05,-1.59773250702983e-05,-0.0159773250702984
"409","20230623",8,"B2",710,"C2",29,28.2,"C","Sample",33,22,11,8e-05,5,186.912630625189,-1.10213228631833,-8.81705829054664e-05,-3.43968002084555e-05,-5.37737826970109e-05,-1.07547565394022e-05,-0.0107547565394022
"410","20230623",14,"C2",710,"MIX2",29,28.2,"MIX","Sample",33,22,11,8e-05,5,183.785137420719,-2.08201751736636,-0.000166561401389309,-3.43968002084555e-05,-0.000132164601180853,-2.64329202361707e-05,-0.0264329202361707
"411","20230623",20,"D2",710,"WT1",29,28.2,"WT","Sample",33,22,11,8e-05,5,183.585781512605,-1.13364705882353,-9.06917647058824e-05,-3.43968002084555e-05,-5.62949644974269e-05,-1.12589928994854e-05,-0.0112589928994854
"412","20230623",3,"A3",710,"MIX1",29,28.2,"MIX","Sample",33,22,11,8e-05,5,183.592502532928,-1.43760095527573,-0.000115008076422058,-3.43968002084555e-05,-8.0611276213603e-05,-1.61222552427206e-05,-0.0161222552427206
"413","20230623",9,"B3",710,"C1",29,28.2,"C","Sample",33,22,11,8e-05,5,185.979128503076,-1.46247846889952,-0.000116998277511962,-3.43968002084555e-05,-8.26014773035061e-05,-1.65202954607012e-05,-0.0165202954607012
"414","20230623",15,"C3",710,"WT2",29,28.2,"WT","Sample",33,22,11,8e-05,5,188.759854469855,-1.47575008206588,-0.00011806000656527,-3.43968002084555e-05,-8.3663206356815e-05,-1.6732641271363e-05,-0.016732641271363
"415","20230623",21,"D3",710,"MIX1",29,28.2,"MIX","Sample",33,22,11,8e-05,5,186.988536892844,-1.33154171301446,-0.000106523337041157,-3.43968002084555e-05,-7.21265368327013e-05,-1.44253073665403e-05,-0.0144253073665403
"416","20230623",4,"A4",710,"WT2",29,28.2,"WT","Sample",33,22,11,8e-05,5,179.980590659341,-0.991829670329672,-7.93463736263738e-05,-3.43968002084555e-05,-4.49495734179183e-05,-8.98991468358366e-06,-0.00898991468358366
"417","20230623",10,"B4",710,"WT1",29,28.2,"WT","Sample",33,22,11,8e-05,5,185.317754062363,-1.07974703557312,-8.63797628458496e-05,-3.43968002084555e-05,-5.19829626373941e-05,-1.03965925274788e-05,-0.0103965925274788
"418","20230623",16,"C4",710,"MIX2",29,28.2,"MIX","Sample",33,22,11,8e-05,5,191.323383119962,-2.86223802750119,-0.000228979042200095,-3.43968002084555e-05,-0.00019458224199164,-3.89164483983279e-05,-0.0389164483983279
"419","20230623",22,"D4",710,"WT2",29,28.2,"WT","Sample",33,22,11,8e-05,5,184.650115469208,-1.94640029325512,-0.00015571202346041,-3.43968002084555e-05,-0.000121315223251954,-2.42630446503908e-05,-0.0242630446503908
"420","20230623",5,"A5",710,"C2",29,28.2,"C","Sample",33,22,11,8e-05,5,177.594935310483,-1.52100478081194,-0.000121680382464955,-3.43968002084555e-05,-8.72835822564998e-05,-1.74567164513e-05,-0.0174567164513
"421","20230623",11,"B5",710,"WT1",29,28.2,"WT","Sample",33,22,11,8e-05,5,189.142475468975,-0.912759018759016,-7.30207215007213e-05,-3.43968002084555e-05,-3.86239212922658e-05,-7.72478425845316e-06,-0.00772478425845316
"422","20230623",23,"D5",710,"C1",29,28.2,"C","Sample",33,22,11,8e-05,5,177.540780172885,-1.75645475434949,-0.000140516380347959,-3.43968002084555e-05,-0.000106119580139504,-2.12239160279007e-05,-0.0212239160279008
"423","20230623",6,"A6",710,"MIX2",29,28.2,"MIX","Sample",33,22,11,8e-05,5,183.776169354839,-1.15951612903226,-9.27612903225808e-05,-3.43968002084555e-05,-5.83644901141253e-05,-1.16728980228251e-05,-0.0116728980228251
"424","20230623",12,"B6",710,"C1",29,28.2,"C","Sample",33,22,11,8e-05,5,172.710933684673,-4.05950988142293,-0.000324760790513834,-3.43968002084555e-05,-0.000290363990305379,-5.80727980610758e-05,-0.0580727980610758
"425","20230623",18,"C6",710,"MIX2",29,28.2,"MIX","Sample",33,22,11,8e-05,5,180.575905499113,-1.94009998387357,-0.000155207998709886,-3.43968002084555e-05,-0.00012081119850143,-2.4162239700286e-05,-0.024162239700286
"426","20230623",24,"D6",710,"C2",29,28.2,"C","Sample",33,22,11,8e-05,5,189.304883064516,-1.49779032258065,-0.000119823225806452,-3.43968002084555e-05,-8.54264255979965e-05,-1.70852851195993e-05,-0.0170852851195993
