7
933        0.0000000 0.0195317 0.0155753 0.0077379 0.0038568 0.0235139 0.0077379 
1768       0.0195317 0.0000000 0.0274238 0.0194628 0.0155206 0.0038433 0.0194628 
1674       0.0155753 0.0274238 0.0000000 0.0077110 0.0116035 0.0234305 0.0155206 
853        0.0077379 0.0194628 0.0077110 0.0000000 0.0038433 0.0155206 0.0077110 
854        0.0038568 0.0155206 0.0116035 0.0038433 0.0000000 0.0194628 0.0038433 
2582       0.0235139 0.0038433 0.0234305 0.0155206 0.0194628 0.0000000 0.0234305 
1660       0.0077379 0.0194628 0.0155206 0.0077110 0.0038433 0.0234305 0.0000000 
