R57	200346	0	0.14271675845790716	0.18271371793327706	0.16413906447534768	0.16825217678827287	0.20007938718662954	0.1703917525773196	0.15202151146334567	0.14863368538076713	0.1735150672229949	0.18790977443609025	0.15194092328466535	0.15232210165619647
R61	200350	0.14271675845790716	0	0.04598520479217837	0.05083254920371885	0.06665366708686768	0.07650181683099967	0.05785276196235036	0.07444915512790166	0.11785750366603699	0.15323843618219937	0.11211644374508258	0.09918473452230897	0.11645101866034961
R62	200351	0.18271371793327706	0.04598520479217837	0	0.042954311976250936	0.0613352408785836	0.05376949533628313	0.05760724850057201	0.08552407866246499	0.14751685685645613	0.19419856567195273	0.07792364205708772	0.10985768601117639	0.14639198733647468
R63	200352	0.16413906447534768	0.05083254920371885	0.042954311976250936	0	0.09360127741790394	0.06074870848578542	0.09182093145624275	0.1124827479967638	0.1571684367421429	0.195714149445518	0.08597683367711315	0.12562422919930397	0.1487575999555248
R64	200353	0.16825217678827287	0.06665366708686768	0.0613352408785836	0.09360127741790394	0	0.08978497528710948	0.043857289636137414	0.06051213559832601	0.12257569646778915	0.17245388343176998	0.08795326793783752	0.09080820687765107	0.11888632484921616
R65	200354	0.20007938718662954	0.07650181683099967	0.05376949533628313	0.06074870848578542	0.08978497528710948	0	0.08922330885660987	0.1118290183995389	0.16913177933887755	0.2129992652024955	0.09477995127093498	0.13426789480254206	0.16008295034486192
R66	200355	0.1703917525773196	0.05785276196235036	0.05760724850057201	0.09182093145624275	0.043857289636137414	0.08922330885660987	0	0.06819162068773421	0.13424437259894664	0.17118770042656145	0.09291826696314255	0.11054383543514384	0.12487317016687573
R67	200356	0.15202151146334567	0.07444915512790166	0.08552407866246499	0.1124827479967638	0.06051213559832601	0.1118290183995389	0.06819162068773421	0	0.08346966668748736	0.1274279162190361	0.12994097187491796	0.09230462659471723	0.0682959110233614
R68	200357	0.14863368538076713	0.11785750366603699	0.14751685685645613	0.1571684367421429	0.12257569646778915	0.16913177933887755	0.13424437259894664	0.08346966668748736	0	0.08152924807811888	0.20722623679822122	0.0627255105716734	0.0615122071646081
R69	200358	0.1735150672229949	0.15323843618219937	0.19419856567195273	0.195714149445518	0.17245388343176998	0.2129992652024955	0.17118770042656145	0.1274279162190361	0.08152924807811888	0	0.2554473806212332	0.13198252324597737	0.07212727239511063
R70	200359	0.18790977443609025	0.11211644374508258	0.07792364205708772	0.08597683367711315	0.08795326793783752	0.09477995127093498	0.09291826696314255	0.12994097187491796	0.20722623679822122	0.2554473806212332	0	0.17090049793231488	0.19823688289827937
R71	200360	0.15194092328466535	0.09918473452230897	0.10985768601117639	0.12562422919930397	0.09080820687765107	0.13426789480254206	0.11054383543514384	0.09230462659471723	0.0627255105716734	0.13198252324597737	0.17090049793231488	0	0.10085348510286257
R72	200361	0.15232210165619647	0.11645101866034961	0.14639198733647468	0.1487575999555248	0.11888632484921616	0.16008295034486192	0.12487317016687573	0.0682959110233614	0.0615122071646081	0.07212727239511063	0.19823688289827937	0.10085348510286257	0
