R57	200346	0.0	0.002587705439180026	0.00355214085485557	0.003393713264067447	0.0024108842743623625	0.003697115915710226	0.0030117949419019305	0.0016815882526818862	0.001203654183126727	0.002224938587629626	0.003992154457772732	0.0016573536853089204	0.001020371793206165
R61	200350	0.002587705439180026	0.0	0.001004822254446349	0.0009949402619533671	0.0006575222633780616	0.0014756178014847146	0.0005768852361753225	0.0011461206857435624	0.0021256403147607954	0.003663704745308768	0.0016387677127961758	0.0017007243434287891	0.002473761617811605
R62	200351	0.00355214085485557	0.001004822254446349	0.0	0.0003296846067239665	0.0014159493287106799	0.0006493359875317814	0.0007668566926475925	0.001996971454593244	0.0029273711604433242	0.004668476818396556	0.0008333242393742963	0.002349025283783008	0.003327887389070163
R63	200352	0.003393713264067447	0.0009949402619533671	0.0003296846067239665	0.0	0.001428961519501456	0.0006316756935175186	0.0008626122824777344	0.001970447009776126	0.003003126994131285	0.004613409516092611	0.0009738194013574135	0.002477837901678051	0.0031719178183604413
R64	200353	0.0024108842743623625	0.0006575222633780616	0.0014159493287106799	0.001428961519501456	0.0	0.0017936500072743787	0.0009528427230027896	0.0007868690165596087	0.0017508271745445441	0.0034497160931791144	0.0018438805189995846	0.0012296411089676145	0.0020615648982002734
R65	200354	0.003697115915710226	0.0014756178014847146	0.0006493359875317814	0.0006316756935175186	0.0017936500072743787	0.0	0.001293139324401709	0.002300691610319042	0.0033519248722381797	0.004962214765490545	0.0008348186483458611	0.00280812590896406	0.003546527425790685
R66	200355	0.0030117949419019305	0.0005768852361753225	0.0007668566926475925	0.0008626122824777344	0.0009528427230027896	0.001293139324401709	0.0	0.0015601924626234998	0.0024530731454056997	0.004045710405251701	0.0013498719898738375	0.0019972083261984965	0.002780929119011247
R67	200356	0.0016815882526818862	0.0011461206857435624	0.001996971454593244	0.001970447009776126	0.0007868690165596087	0.002300691610319042	0.0015601924626234998	0.0	0.0012493978807148868	0.002808953556748902	0.0024717798728145814	0.0009389307869923932	0.001364221086712947
R68	200357	0.001203654183126727	0.0021256403147607954	0.0029273711604433242	0.003003126994131285	0.0017508271745445441	0.0033519248722381797	0.0024530731454056997	0.0012493978807148868	0.0	0.0018148769017132494	0.003538448248947523	0.0007437962518799551	0.0005585782887097089
R69	200358	0.002224938587629626	0.003663704745308768	0.004668476818396556	0.004613409516092611	0.0034497160931791144	0.004962214765490545	0.004045710405251701	0.002808953556748902	0.0018148769017132494	0.0	0.005256858102819496	0.0024850150901437975	0.001548098750735662
R70	200359	0.003992154457772732	0.0016387677127961758	0.0008333242393742963	0.0009738194013574135	0.0018438805189995846	0.0008348186483458611	0.0013498719898738375	0.0024717798728145814	0.003538448248947523	0.005256858102819496	0.0	0.0029725355847658994	0.0038360009595275277
R71	200360	0.0016573536853089204	0.0017007243434287891	0.002349025283783008	0.002477837901678051	0.0012296411089676145	0.00280812590896406	0.0019972083261984965	0.0009389307869923932	0.0007437962518799551	0.0024850150901437975	0.0029725355847658994	0.0	0.0011877852770315425
R72	200361	0.001020371793206165	0.002473761617811605	0.003327887389070163	0.0031719178183604413	0.0020615648982002734	0.003546527425790685	0.002780929119011247	0.001364221086712947	0.0005585782887097089	0.001548098750735662	0.0038360009595275277	0.0011877852770315425	0.0
