R57	200346	0.0	0.005168073415569352	0.008481781261710286	0.007935570166497386	0.004992327020188164	0.008325780774128695	0.006459004795454778	0.003426372899305206	0.0036647500040558564	0.0029004177692677244	0.010537221004761904	0.004230380946481963	0.0024210434501231544
R61	200350	0.005168073415569352	0.0	0.0034966504788245334	0.0034007448410302396	0.0021220320930235652	0.0043543909938204995	0.0016545834727254532	0.0024630819849835272	0.0027933998864332157	0.004474179580518604	0.006127434144630566	0.0027937348023972888	0.0044054716276562
R62	200351	0.008481781261710286	0.0034966504788245334	0.0	0.0007870513150390235	0.004689556277151707	0.0018128488495456733	0.003017897769564697	0.005464063703417616	0.005915603485390049	0.007966321575651155	0.0030696025943893527	0.00544928856339205	0.007414062156487017
R63	200352	0.007935570166497386	0.0034007448410302396	0.0007870513150390235	0.0	0.0046011837279628974	0.0015500896995849548	0.003032944465913502	0.0051850489134951045	0.005595897752591997	0.007670746804396005	0.0033916908939594947	0.00537555428982114	0.0068678939971470974
R64	200353	0.004992327020188164	0.0021220320930235652	0.004689556277151707	0.0046011837279628974	0.0	0.005626626793228113	0.0027285941073107688	0.001627123566080132	0.0018095018950944524	0.0038991390400903757	0.006717979166839585	0.0015484976874294873	0.003177662663652195
R65	200354	0.008325780774128695	0.0043543909938204995	0.0018128488495456733	0.0015500896995849548	0.005626626793228113	0.0	0.004206955918535993	0.005875366831450815	0.006349139594572887	0.008348358730418202	0.00325448821214593	0.005961115481642839	0.007398951438183927
R66	200355	0.006459004795454778	0.0016545834727254532	0.003017897769564697	0.003032944465913502	0.0027285941073107688	0.004206955918535993	0.0	0.00375235368194104	0.003776593368166773	0.005536750230346616	0.005257844998859374	0.0037712985511924105	0.0053142374796148395
R67	200356	0.003426372899305206	0.0024630819849835272	0.005464063703417616	0.0051850489134951045	0.001627123566080132	0.005875366831450815	0.00375235368194104	0.0	0.0009616007726626023	0.0027902286664364365	0.007713769390783262	0.0011911139336536541	0.0019877155178878877
R68	200357	0.0036647500040558564	0.0027933998864332157	0.005915603485390049	0.005595897752591997	0.0018095018950944524	0.006349139594572887	0.003776593368166773	0.0009616007726626023	0.0	0.002265805794602684	0.0084210585400144	0.0009598977707581613	0.0019185473090010258
R69	200358	0.0029004177692677244	0.004474179580518604	0.007966321575651155	0.007670746804396005	0.0038991390400903757	0.008348358730418202	0.005536750230346616	0.0027902286664364365	0.002265805794602684	0.0	0.010388540506818852	0.002898245957847848	0.0013803479580980983
R70	200359	0.010537221004761904	0.006127434144630566	0.0030696025943893527	0.0033916908939594947	0.006717979166839585	0.00325448821214593	0.005257844998859374	0.007713769390783262	0.0084210585400144	0.010388540506818852	0.0	0.00811973150424842	0.009691111169443616
R71	200360	0.004230380946481963	0.0027937348023972888	0.00544928856339205	0.00537555428982114	0.0015484976874294873	0.005961115481642839	0.0037712985511924105	0.0011911139336536541	0.0009598977707581613	0.002898245957847848	0.00811973150424842	0.0	0.002433925615625626
R72	200361	0.0024210434501231544	0.0044054716276562	0.007414062156487017	0.0068678939971470974	0.003177662663652195	0.007398951438183927	0.0053142374796148395	0.0019877155178878877	0.0019185473090010258	0.0013803479580980983	0.009691111169443616	0.002433925615625626	0.0
