28
70916      0.0000000 0.1948156 0.3033201 0.1964063 0.3560599 0.1948156 0.0922643 0.0918751 0.3033201 0.1419730 0.1948156 0.0865810 0.2116050 0.0918751 0.1333756 0.1425260 0.1431040 0.1333756 0.0865810 0.0420220 0.2490638 0.2490638 0.2729100 0.3346886 0.0865810 0.3945836 0.1333756 0.0865810 
1674       0.1948156 0.0000000 0.2829619 0.1830916 0.3328112 0.2829619 0.1830916 0.1824339 0.3805760 0.0378663 0.0775282 0.1705671 0.0816337 0.1824339 0.1252065 0.2331995 0.1336148 0.1252065 0.0813921 0.1252065 0.2321836 0.3328112 0.3653803 0.4187361 0.0813921 0.4680657 0.1705671 0.1705671 
2582       0.3033201 0.2829619 0.0000000 0.1830916 0.0378663 0.0775282 0.2851277 0.2842978 0.0775282 0.3328112 0.2829619 0.1705671 0.4187361 0.2842978 0.1252065 0.2331995 0.2339680 0.1252065 0.1705671 0.2168041 0.0378663 0.0378663 0.1256175 0.0816337 0.1705671 0.1256175 0.2630763 0.2630763 
70934      0.1964063 0.1830916 0.1830916 0.0000000 0.2339680 0.1830916 0.1844940 0.1838277 0.2851277 0.2339680 0.1830916 0.1717616 0.3119521 0.1838277 0.1260713 0.2350026 0.0380066 0.0398353 0.0819422 0.1260713 0.1336148 0.2339680 0.2543235 0.3119521 0.0819422 0.3684997 0.1717616 0.1717616 
2587       0.3560599 0.3328112 0.0378663 0.2339680 0.0000000 0.1187148 0.3353073 0.3344702 0.0378663 0.3805760 0.3328112 0.2168041 0.4680657 0.3344702 0.1705671 0.2842978 0.2851277 0.1705671 0.2168041 0.2630763 0.0775282 0.0775282 0.1711810 0.1256175 0.2168041 0.0816337 0.3084792 0.3084792 
2594       0.1948156 0.2829619 0.0775282 0.1830916 0.1187148 0.0000000 0.1830916 0.1824339 0.0775282 0.2321836 0.2829619 0.0813921 0.3092687 0.1824339 0.1252065 0.1331040 0.2339680 0.1252065 0.1705671 0.1252065 0.0378663 0.0378663 0.0396810 0.0816337 0.1705671 0.1256175 0.2630763 0.1705671 
10403      0.0922643 0.1830916 0.2851277 0.1844940 0.3353073 0.1830916 0.0000000 0.0866205 0.2851277 0.1336148 0.1830916 0.0819422 0.1974842 0.0866205 0.1260713 0.1340964 0.1346141 0.1260713 0.0819422 0.0398353 0.2339680 0.2339680 0.2543235 0.3119521 0.0819422 0.3684997 0.1717616 0.0819422 
933        0.0918751 0.1824339 0.2842978 0.1838277 0.3344702 0.1824339 0.0866205 0.0000000 0.2842978 0.1331040 0.1824339 0.0816337 0.0810875 0.0000010 0.1256175 0.0377269 0.1340964 0.1256175 0.0816337 0.0396810 0.2331995 0.2331995 0.1247580 0.1699933 0.0816337 0.2161346 0.1711810 0.0816337 
2597       0.3033201 0.3805760 0.0775282 0.2851277 0.0378663 0.0775282 0.2851277 0.2842978 0.0000000 0.3328112 0.3805760 0.1705671 0.4187361 0.2842978 0.2168041 0.2331995 0.3353073 0.2168041 0.2630763 0.2168041 0.1187148 0.0378663 0.1256175 0.0816337 0.2630763 0.0396810 0.3521811 0.2630763 
15655      0.1419730 0.0378663 0.3328112 0.2339680 0.3805760 0.2321836 0.1336148 0.1331040 0.3328112 0.0000000 0.1187148 0.1252065 0.0396810 0.1331040 0.1705671 0.1824339 0.1830916 0.1705671 0.1252065 0.0813921 0.2829619 0.2829619 0.3092687 0.3653803 0.1252065 0.4187361 0.2168041 0.1252065 
38566      0.1948156 0.0775282 0.2829619 0.1830916 0.3328112 0.2829619 0.1830916 0.1824339 0.3805760 0.1187148 0.0000000 0.1705671 0.1711810 0.1824339 0.1252065 0.2331995 0.1336148 0.1252065 0.0813921 0.1252065 0.2321836 0.3328112 0.3653803 0.4187361 0.0813921 0.4680657 0.1705671 0.1705671 
939        0.0865810 0.1705671 0.1705671 0.1717616 0.2168041 0.0813921 0.0819422 0.0816337 0.1705671 0.1252065 0.1705671 0.0000000 0.1824339 0.0816337 0.0378663 0.0396810 0.1260713 0.1187148 0.0775282 0.0378663 0.1252065 0.1252065 0.1331040 0.1824339 0.0775282 0.2331995 0.1610026 0.0775282 
15659      0.2116050 0.0816337 0.4187361 0.3119521 0.4680657 0.3092687 0.1974842 0.0810875 0.4187361 0.0396810 0.1711810 0.1824339 0.0000000 0.0810875 0.2331995 0.1247580 0.2543235 0.2331995 0.1824339 0.1331040 0.3653803 0.3653803 0.2314239 0.2821401 0.1824339 0.3319801 0.2842978 0.1824339 
70955      0.0918751 0.1824339 0.2842978 0.1838277 0.3344702 0.1824339 0.0866205 0.0000010 0.2842978 0.1331040 0.1824339 0.0816337 0.0810875 0.0000000 0.1256175 0.0377269 0.1340964 0.1256175 0.0816337 0.0396810 0.2331995 0.2331995 0.1247580 0.1699933 0.0816337 0.2161346 0.1711810 0.0816337 
944        0.1333756 0.1252065 0.1252065 0.1260713 0.1705671 0.1252065 0.1260713 0.1256175 0.2168041 0.1705671 0.1252065 0.0378663 0.2331995 0.1256175 0.0000000 0.0816337 0.0819422 0.0775282 0.0378663 0.0775282 0.0813921 0.1705671 0.1824339 0.2331995 0.0378663 0.2842978 0.1187148 0.1187148 
946        0.1425260 0.2331995 0.2331995 0.2350026 0.2842978 0.1331040 0.1340964 0.0377269 0.2331995 0.1824339 0.2331995 0.0396810 0.1247580 0.0377269 0.0816337 0.0000000 0.1838277 0.1711810 0.1256175 0.0816337 0.1824339 0.1824339 0.0810875 0.1247580 0.1256175 0.1699933 0.2176492 0.1256175 
62914      0.1431040 0.1336148 0.2339680 0.0380066 0.2851277 0.2339680 0.1346141 0.1340964 0.3353073 0.1830916 0.1336148 0.1260713 0.2543235 0.1340964 0.0819422 0.1838277 0.0000000 0.0819422 0.0398353 0.0819422 0.1830916 0.2851277 0.3119521 0.3684997 0.0398353 0.4221825 0.1260713 0.1260713 
1739       0.1333756 0.1252065 0.1252065 0.0398353 0.1705671 0.1252065 0.1260713 0.1256175 0.2168041 0.1705671 0.1252065 0.1187148 0.2331995 0.1256175 0.0775282 0.1711810 0.0819422 0.0000000 0.0378663 0.0775282 0.0813921 0.1705671 0.1824339 0.2331995 0.0378663 0.2842978 0.1187148 0.1187148 
853        0.0865810 0.0813921 0.1705671 0.0819422 0.2168041 0.1705671 0.0819422 0.0816337 0.2630763 0.1252065 0.0813921 0.0775282 0.1824339 0.0816337 0.0378663 0.1256175 0.0398353 0.0378663 0.0000000 0.0378663 0.1252065 0.2168041 0.2331995 0.2842978 0.0000010 0.3344702 0.0775282 0.0775282 
854        0.0420220 0.1252065 0.2168041 0.1260713 0.2630763 0.1252065 0.0398353 0.0396810 0.2168041 0.0813921 0.1252065 0.0378663 0.1331040 0.0396810 0.0775282 0.0816337 0.0819422 0.0775282 0.0378663 0.0000000 0.1705671 0.1705671 0.1824339 0.2331995 0.0378663 0.2842978 0.1187148 0.0378663 
1759       0.2490638 0.2321836 0.0378663 0.1336148 0.0775282 0.0378663 0.2339680 0.2331995 0.1187148 0.2829619 0.2321836 0.1252065 0.3653803 0.2331995 0.0813921 0.1824339 0.1830916 0.0813921 0.1252065 0.1705671 0.0000000 0.0775282 0.0816337 0.1256175 0.1252065 0.1711810 0.2168041 0.2168041 
1768       0.2490638 0.3328112 0.0378663 0.2339680 0.0775282 0.0378663 0.2339680 0.2331995 0.0378663 0.2829619 0.3328112 0.1252065 0.3653803 0.2331995 0.1705671 0.1824339 0.2851277 0.1705671 0.2168041 0.1705671 0.0775282 0.0000000 0.0816337 0.0396810 0.2168041 0.0816337 0.3084792 0.2168041 
10612      0.2729100 0.3653803 0.1256175 0.2543235 0.1711810 0.0396810 0.2543235 0.1247580 0.1256175 0.3092687 0.3653803 0.1331040 0.2314239 0.1247580 0.1824339 0.0810875 0.3119521 0.1824339 0.2331995 0.1824339 0.0816337 0.0816337 0.0000000 0.0377269 0.2331995 0.0772521 0.3344702 0.2331995 
10614      0.3346886 0.4187361 0.0816337 0.3119521 0.1256175 0.0816337 0.3119521 0.1699933 0.0816337 0.3653803 0.4187361 0.1824339 0.2821401 0.1699933 0.2331995 0.1247580 0.3684997 0.2331995 0.2842978 0.2331995 0.1256175 0.0396810 0.0377269 0.0000000 0.2842978 0.0377269 0.3825359 0.2842978 
70902      0.0865810 0.0813921 0.1705671 0.0819422 0.2168041 0.1705671 0.0819422 0.0816337 0.2630763 0.1252065 0.0813921 0.0775282 0.1824339 0.0816337 0.0378663 0.1256175 0.0398353 0.0378663 0.0000010 0.0378663 0.1252065 0.2168041 0.2331995 0.2842978 0.0000000 0.3344702 0.0775282 0.0775282 
10616      0.3945836 0.4680657 0.1256175 0.3684997 0.0816337 0.1256175 0.3684997 0.2161346 0.0396810 0.4187361 0.4680657 0.2331995 0.3319801 0.2161346 0.2842978 0.1699933 0.4221825 0.2842978 0.3344702 0.2842978 0.1711810 0.0816337 0.0772521 0.0377269 0.3344702 0.0000000 0.4275999 0.3344702 
70903      0.1333756 0.1705671 0.2630763 0.1717616 0.3084792 0.2630763 0.1717616 0.1711810 0.3521811 0.2168041 0.1705671 0.1610026 0.2842978 0.1711810 0.1187148 0.2176492 0.1260713 0.1187148 0.0775282 0.1187148 0.2168041 0.3084792 0.3344702 0.3825359 0.0775282 0.4275999 0.0000000 0.1610026 
1660       0.0865810 0.1705671 0.2630763 0.1717616 0.3084792 0.1705671 0.0819422 0.0816337 0.2630763 0.1252065 0.1705671 0.0775282 0.1824339 0.0816337 0.1187148 0.1256175 0.1260713 0.1187148 0.0775282 0.0378663 0.2168041 0.2168041 0.2331995 0.2842978 0.0775282 0.3344702 0.1610026 0.0000000 
