10
70818      0.0000000 0.0117142 0.0078555 0.0078547 0.0038872 0.0118144 0.0077922 0.0117215 0.0117202 0.0077922 
70819      0.0117142 0.0000000 0.0118021 0.0118008 0.0077874 0.0157776 0.0038541 0.0077308 0.0077605 0.0038694 
70820      0.0078555 0.0118021 0.0000000 0.0078547 0.0039164 0.0118144 0.0078506 0.0118095 0.0118082 0.0078506 
41         0.0078547 0.0118008 0.0078547 0.0000000 0.0039160 0.0039180 0.0078497 0.0118082 0.0118069 0.0078497 
49066      0.0038872 0.0077874 0.0039164 0.0039160 0.0000000 0.0078538 0.0038848 0.0077922 0.0077914 0.0038848 
38924      0.0118144 0.0157776 0.0118144 0.0039180 0.0078538 0.0000000 0.0118069 0.0157877 0.0157859 0.0118069 
62831      0.0077922 0.0038541 0.0078506 0.0078497 0.0038848 0.0118069 0.0000000 0.0038565 0.0038714 0.0000010 
62833      0.0117215 0.0077308 0.0118095 0.0118082 0.0077922 0.0157877 0.0038565 0.0000000 0.0077653 0.0038718 
62836      0.0117202 0.0077605 0.0118082 0.0118069 0.0077914 0.0157859 0.0038714 0.0077653 0.0000000 0.0038714 
62837      0.0077922 0.0038694 0.0078506 0.0078497 0.0038848 0.0118069 0.0000010 0.0038718 0.0038714 0.0000000 
