R55	200344	0.0	0.0015411959119576207	0.001578758772624692	0.001026815359076495	0.0008008250041298538	0.000995391115640561	0.00592008842679054	0.002104924731219871	0.0023118029360030285	0.001953673576951114	0.0013841228581747355	0.0014973716533608268	0.0011692729572468225	0.001291328098482865	0.0011020171309551832	0.0009683477142539838	0.0013960544196449027	0.0009416137060074492
R56	200345	0.0015411959119576207	0.0	0.0002088989807603252	0.0012383798435022027	0.001151795460577103	0.0006159432330296353	0.006810886522625494	0.0031236731832698806	0.003307046340845838	0.0029660288546956345	0.002231522548932698	0.002626136186580426	0.001995659921145374	0.0010081228980135827	0.0016857367662734169	0.002150493455341888	0.0008960011555846421	0.0020785110796497966
R57	200346	0.001578758772624692	0.0002088989807603252	0.0	0.0012153626579242804	0.0010962483917784905	0.0006390042141273696	0.006824284989296674	0.0031237569289582576	0.003320944774294012	0.00296936483135008	0.002232924173903465	0.00263953702228712	0.002005868465433264	0.0009766083670238335	0.0016466976800589067	0.002120681665191268	0.0008985069250628224	0.002044908773955202
R58	200347	0.001026815359076495	0.0012383798435022027	0.0012153626579242804	0.0	0.0005232519701627188	0.0009841550620144175	0.005620650420432328	0.001987065650587621	0.002178124472337759	0.0017921701371245492	0.0013588679528759738	0.0014811744697163435	0.0009523790749999994	0.000817957349034429	0.0007528708480041584	0.0013931676320866932	0.0009373049275886545	0.0009043019897615052
R59	200348	0.0008008250041298538	0.001151795460577103	0.0010962483917784905	0.0005232519701627188	0.0	0.0007704932118213863	0.005826251356181585	0.0022196405989032284	0.0024246889582615664	0.001957822320931011	0.0013461195560484673	0.0016570820126368174	0.000989427455125894	0.0006022222001201685	0.0006130249659649334	0.0011479511863709195	0.0008240916244157794	0.0010136678759370176
R60	200349	0.000995391115640561	0.0006159432330296353	0.0006390042141273696	0.0009841550620144175	0.0007704932118213863	0.0	0.006420766965081223	0.0027256161970722744	0.0029487702689222563	0.0025751508405286345	0.0018969291261910787	0.002123532836145461	0.0015937506499098916	0.0007253630828236879	0.0011690604844990312	0.001594548810806264	0.0006555801174170691	0.001686100986107053
R61	200350	0.00592008842679054	0.006810886522625494	0.006824284989296674	0.005620650420432328	0.005826251356181585	0.006420766965081223	0.0	0.004600090128587163	0.004257416113378979	0.004769207480492986	0.004919074703280735	0.004847555107178522	0.00513030592768533	0.006128106296843746	0.005750365591519303	0.005825737235567639	0.006116892966416342	0.005190439662307034
R62	200351	0.002104924731219871	0.0031236731832698806	0.0031237569289582576	0.001987065650587621	0.0022196405989032284	0.0027256161970722744	0.004600090128587163	0.0	0.0005894618033857937	0.0004888001263706965	0.0009666096920442891	0.0008602885473700461	0.0013258251378239693	0.0024838256672236494	0.0021608525845816327	0.0019765480753631405	0.0024161707492340047	0.0013685803218814957
R63	200352	0.0023118029360030285	0.003307046340845838	0.003320944774294012	0.002178124472337759	0.0024246889582615664	0.0029487702689222563	0.004257416113378979	0.0005894618033857937	0.0	0.0007771918074208398	0.0011458174991087527	0.000950565435908648	0.0015611378403361108	0.0026439259874624474	0.002231019583865988	0.002420389236541158	0.0026946278990010158	0.0015659569980433644
R64	200353	0.001953673576951114	0.0029660288546956345	0.00296936483135008	0.0017921701371245492	0.001957822320931011	0.0025751508405286345	0.004769207480492986	0.0004888001263706965	0.0007771918074208398	0.0	0.0008351990698145387	0.000560884057067071	0.001288326180526632	0.0022348552014692	0.0017641629322067956	0.001788893350145424	0.00219920846006168	0.0011358323489018343
R65	200354	0.0013841228581747355	0.002231522548932698	0.002232924173903465	0.0013588679528759738	0.0013461195560484673	0.0018969291261910787	0.004919074703280735	0.0009666096920442891	0.0011458174991087527	0.0008351990698145387	0.0	0.0007006279923619048	0.0012050832759290715	0.0017334342128079308	0.0015536408923905484	0.0014458055253955535	0.0018252302906213201	0.0009214658817857132
R66	200355	0.0014973716533608268	0.002626136186580426	0.00263953702228712	0.0014811744697163435	0.0016570820126368174	0.002123532836145461	0.004847555107178522	0.0008602885473700461	0.000950565435908648	0.000560884057067071	0.0007006279923619048	0.0	0.0012713503590722247	0.0019814580677943424	0.0013629911727737155	0.0015509004759317762	0.0020135652887251945	0.0008598766437456581
R67	200356	0.0011692729572468225	0.001995659921145374	0.002005868465433264	0.0009523790749999994	0.000989427455125894	0.0015937506499098916	0.00513030592768533	0.0013258251378239693	0.0015611378403361108	0.001288326180526632	0.0012050832759290715	0.0012713503590722247	0.0	0.00148384532763034	0.001135188235228228	0.0012938982019108612	0.001497586887774758	0.0010624393562447979
R68	200357	0.001291328098482865	0.0010081228980135827	0.0009766083670238335	0.000817957349034429	0.0006022222001201685	0.0007253630828236879	0.006128106296843746	0.0024838256672236494	0.0026439259874624474	0.0022348552014692	0.0017334342128079308	0.0019814580677943424	0.00148384532763034	0.0	0.000919366530431966	0.001590185591277789	0.0004998454399384363	0.0013161832523227138
R69	200358	0.0011020171309551832	0.0016857367662734169	0.0016466976800589067	0.0007528708480041584	0.0006130249659649334	0.0011690604844990312	0.005750365591519303	0.0021608525845816327	0.002231019583865988	0.0017641629322067956	0.0015536408923905484	0.0013629911727737155	0.001135188235228228	0.000919366530431966	0.0	0.001159651206160133	0.0010439067124866867	0.0010357064049795904
R70	200359	0.0009683477142539838	0.002150493455341888	0.002120681665191268	0.0013931676320866932	0.0011479511863709195	0.001594548810806264	0.005825737235567639	0.0019765480753631405	0.002420389236541158	0.001788893350145424	0.0014458055253955535	0.0015509004759317762	0.0012938982019108612	0.001590185591277789	0.001159651206160133	0.0	0.0016494016308932875	0.001082657042519314
R71	200360	0.0013960544196449027	0.0008960011555846421	0.0008985069250628224	0.0009373049275886545	0.0008240916244157794	0.0006555801174170691	0.006116892966416342	0.0024161707492340047	0.0026946278990010158	0.00219920846006168	0.0018252302906213201	0.0020135652887251945	0.001497586887774758	0.0004998454399384363	0.0010439067124866867	0.0016494016308932875	0.0	0.001464878035193884
R72	200361	0.0009416137060074492	0.0020785110796497966	0.002044908773955202	0.0009043019897615052	0.0010136678759370176	0.001686100986107053	0.005190439662307034	0.0013685803218814957	0.0015659569980433644	0.0011358323489018343	0.0009214658817857132	0.0008598766437456581	0.0010624393562447979	0.0013161832523227138	0.0010357064049795904	0.001082657042519314	0.001464878035193884	0.0
