R55	200344	0	0.09150509831937276	0.07591394328267652	0.06822198184173567	0.07375903450151679	0.052199030459183254	0.2532568054732322	0.16213240632774345	0.18858027964254015	0.19872555902706396	0.1391930905417647	0.14737267552343392	0.09112627809683563	0.1072027723890744	0.10559549089321535	0.1067477928541757	0.0871128653226281	0.09215419445044572
R56	200345	0.09150509831937276	0	0.04712371409816458	0.11228124159580267	0.12156921957723212	0.057232353329670756	0.25398117826079	0.17552189246384162	0.19817006819913355	0.1942723809076008	0.11976507808747631	0.15264367526856165	0.1374748640490606	0.10055470912854025	0.12504331972070212	0.15322512830037613	0.09427797591473079	0.11418111451922688
R57	200346	0.07591394328267652	0.04712371409816458	0	0.09265441251401334	0.09720681583694515	0.041662475387891716	0.2711153522814766	0.18197570652648437	0.2110828453686398	0.2102474911197668	0.1434556492793671	0.16104215594503163	0.12233182437060623	0.10225598898423106	0.12477008036839622	0.15523746979620154	0.09109759357781484	0.11102886000548365
R58	200347	0.06822198184173567	0.11228124159580267	0.09265441251401334	0	0.049394097456201845	0.08003298640407441	0.22471270175975766	0.1531858504712429	0.1700922717611093	0.17179588292244524	0.1452816782932553	0.13622295693061998	0.08212341543011902	0.09829387154000838	0.10499828993245623	0.12721813546064265	0.09247443079475556	0.08838500804468818
R59	200348	0.07375903450151679	0.12156921957723212	0.09720681583694515	0.049394097456201845	0	0.08532297644469074	0.2420705137253295	0.16216757492716052	0.19266941024993967	0.17077608843526068	0.14659129200373985	0.13933709118665966	0.07831120304003134	0.06714863491663824	0.08580418738564248	0.11683226938008692	0.09329663200716622	0.07030263138393697
R60	200349	0.052199030459183254	0.057232353329670756	0.041662475387891716	0.08003298640407441	0.08532297644469074	0	0.25681123778418247	0.16938187735981888	0.20074251439758173	0.19818875446300158	0.1418962453515897	0.14466110926523587	0.10784959870988975	0.10089885259611334	0.11167297293523265	0.1346042285815238	0.08673952340341884	0.10196251299229504
R61	200350	0.2532568054732322	0.25398117826079	0.2711153522814766	0.22471270175975766	0.2420705137253295	0.25681123778418247	0	0.17770516897785318	0.15938973135253717	0.16005109020436853	0.1968416914217068	0.16503488329121171	0.22748682511540533	0.2438610176798537	0.24302765850157107	0.27842989510969735	0.21360751190145183	0.22565554861122777
R62	200351	0.16213240632774345	0.17552189246384162	0.18197570652648437	0.1531858504712429	0.16216757492716052	0.16938187735981888	0.17770516897785318	0	0.06677341244242596	0.07331727846318652	0.0843954316594985	0.06395968920603456	0.14827297181780563	0.1734221807542809	0.17460642092920714	0.19923438607546692	0.1433278258545821	0.14483278399818264
R63	200352	0.18858027964254015	0.19817006819913355	0.2110828453686398	0.1700922717611093	0.19266941024993967	0.20074251439758173	0.15938973135253717	0.06677341244242596	0	0.08115833747856409	0.1037271856709423	0.08097267164749929	0.180679915265475	0.1988406149863341	0.1985427273739241	0.23073217099130508	0.17314147912096436	0.17224892894656163
R64	200353	0.19872555902706396	0.1942723809076008	0.2102474911197668	0.17179588292244524	0.17077608843526068	0.19818875446300158	0.16005109020436853	0.07331727846318652	0.08115833747856409	0	0.10534140918622203	0.06608899789455226	0.16153978490283527	0.17139362327191796	0.17063548973566767	0.22374486845774735	0.1489406097867202	0.1504521485781379
R65	200354	0.1391930905417647	0.11976507808747631	0.1434556492793671	0.1452816782932553	0.14659129200373985	0.1418962453515897	0.1968416914217068	0.0843954316594985	0.1037271856709423	0.10534140918622203	0	0.08318997906634336	0.13895645983307012	0.1345899681244149	0.1494318005978478	0.17012669606242256	0.11206157013885351	0.12116191396752872
R66	200355	0.14737267552343392	0.15264367526856165	0.16104215594503163	0.13622295693061998	0.13933709118665966	0.14466110926523587	0.16503488329121171	0.06395968920603456	0.08097267164749929	0.06608899789455226	0.08318997906634336	0	0.12489812851220156	0.143330410764069	0.1374480539043619	0.17557217972728814	0.11507559503878995	0.11901232819198705
R67	200356	0.09112627809683563	0.1374748640490606	0.12233182437060623	0.08212341543011902	0.07831120304003134	0.10784959870988975	0.22748682511540533	0.14827297181780563	0.180679915265475	0.16153978490283527	0.13895645983307012	0.12489812851220156	0	0.1004041432212854	0.08867540858826402	0.10741028911197795	0.0959137392703306	0.08724493784855443
R68	200357	0.1072027723890744	0.10055470912854025	0.10225598898423106	0.09829387154000838	0.06714863491663824	0.10089885259611334	0.2438610176798537	0.1734221807542809	0.1988406149863341	0.17139362327191796	0.1345899681244149	0.143330410764069	0.1004041432212854	0	0.050637877405361076	0.11399319586176553	0.06358991447898375	0.043891087756701086
R69	200358	0.10559549089321535	0.12504331972070212	0.12477008036839622	0.10499828993245623	0.08580418738564248	0.11167297293523265	0.24302765850157107	0.17460642092920714	0.1985427273739241	0.17063548973566767	0.1494318005978478	0.1374480539043619	0.08867540858826402	0.050637877405361076	0	0.08748304637879206	0.07566547119649988	0.05335002365400258
R70	200359	0.1067477928541757	0.15322512830037613	0.15523746979620154	0.12721813546064265	0.11683226938008692	0.1346042285815238	0.27842989510969735	0.19923438607546692	0.23073217099130508	0.22374486845774735	0.17012669606242256	0.17557217972728814	0.10741028911197795	0.11399319586176553	0.08748304637879206	0	0.1327143976297061	0.10306112694923612
R71	200360	0.0871128653226281	0.09427797591473079	0.09109759357781484	0.09247443079475556	0.09329663200716622	0.08673952340341884	0.21360751190145183	0.1433278258545821	0.17314147912096436	0.1489406097867202	0.11206157013885351	0.11507559503878995	0.0959137392703306	0.06358991447898375	0.07566547119649988	0.1327143976297061	0	0.06628110658638084
R72	200361	0.09215419445044572	0.11418111451922688	0.11102886000548365	0.08838500804468818	0.07030263138393697	0.10196251299229504	0.22565554861122777	0.14483278399818264	0.17224892894656163	0.1504521485781379	0.12116191396752872	0.11901232819198705	0.08724493784855443	0.043891087756701086	0.05335002365400258	0.10306112694923612	0.06628110658638084	0
