R55	200344	0	0.12046448079464044	0.12845353137913	0.1055565938202507	0.09841730933448518	0.08628598603640363	0.29922815275291953	0.19884866900899176	0.2093678762433275	0.24079526285807487	0.17808338122495249	0.18190528407974416	0.14860022381215415	0.14037090900994018	0.146600959040302	0.13696420164942097	0.12900080178901996	0.11866669332425313
R56	200345	0.12046448079464044	0	0.025914263551559076	0.09640036936975407	0.10426598439950753	0.05014913449046064	0.30899976672128193	0.2336628833323944	0.23874803294496133	0.2466661143607617	0.1641956651045124	0.2025872941221488	0.16026063909672728	0.11263986002423551	0.15717452246376687	0.20517170526616682	0.12024359436158648	0.14984205233575168
R57	200346	0.12845353137913	0.025914263551559076	0	0.09224179577962695	0.09552960866577015	0.05184754920163889	0.31996149109124356	0.23602690421536127	0.2483924363966399	0.25540349088754905	0.1756157111158884	0.21048380122193325	0.16383392792702184	0.11490101637164296	0.15723663353039183	0.20938953749110337	0.12241803506040247	0.15092880075937395
R58	200347	0.1055565938202507	0.09640036936975407	0.09224179577962695	0	0.06342320325224994	0.09709792240770511	0.24807311169008675	0.17427353736593373	0.1800418440180032	0.1835610410274378	0.13943731488615854	0.14279778235162582	0.12332307135055084	0.08682693125165411	0.09717737250305347	0.15816737694987262	0.08155811175913691	0.08368984864357631
R59	200348	0.09841730933448518	0.10426598439950753	0.09552960866577015	0.06342320325224994	0	0.08722366431079143	0.2743909641187774	0.19475645907680086	0.20838796153714595	0.19341929946100403	0.14262175426305623	0.163937773903347	0.10976230262243254	0.059494733129181056	0.09859851362107727	0.1542973258161295	0.08428146446872509	0.08309339329451908
R60	200349	0.08628598603640363	0.05014913449046064	0.05184754920163889	0.09709792240770511	0.08722366431079143	0	0.30631358864097047	0.2209163378445586	0.23762892726746213	0.24349577156544033	0.16773464836636146	0.18277100857195558	0.14350062143189132	0.10720373983902341	0.13346303503808507	0.172094651789509	0.1130731995698714	0.1393476116227953
R61	200350	0.29922815275291953	0.30899976672128193	0.31996149109124356	0.24807311169008675	0.2743909641187774	0.30631358864097047	0	0.19256320075846495	0.18304880656716585	0.18789022950765066	0.2180046048708391	0.1951997773488194	0.2577949265501541	0.2685946784275828	0.2558321016504261	0.29631279773524816	0.2341912793540494	0.2416255826524037
R62	200351	0.19884866900899176	0.2336628833323944	0.23602690421536127	0.17427353736593373	0.19475645907680086	0.2209163378445586	0.19256320075846495	0	0.06017689947965297	0.08049992115488448	0.1124906737158658	0.10586002046853218	0.1541482112642863	0.2043240162755885	0.19407560964526008	0.2052307308762045	0.182515622557202	0.15138605340239378
R63	200352	0.2093678762433275	0.23874803294496133	0.2483924363966399	0.1800418440180032	0.20838796153714595	0.23762892726746213	0.18304880656716585	0.06017689947965297	0	0.08044231908865705	0.11387078020658785	0.09901605304090307	0.17061766484523916	0.21016065777864096	0.18618992553804614	0.23536378002990097	0.19375179835619358	0.16015224336794012
R64	200353	0.24079526285807487	0.2466661143607617	0.25540349088754905	0.1835610410274378	0.19341929946100403	0.24349577156544033	0.18789022950765066	0.08049992115488448	0.08044231908865705	0	0.1350851901819868	0.07829430904161057	0.1607675557563818	0.19104185351044578	0.1663185017073459	0.22703898649314225	0.16380602208983466	0.14819811914171993
R65	200354	0.17808338122495249	0.1641956651045124	0.1756157111158884	0.13943731488615854	0.14262175426305623	0.16773464836636146	0.2180046048708391	0.1124906737158658	0.11387078020658785	0.1350851901819868	0	0.11661111486162802	0.13588754001825	0.1586548706586422	0.16289937828748502	0.17399967188062454	0.14695015834051722	0.13299922877114742
R66	200355	0.18190528407974416	0.2025872941221488	0.21048380122193325	0.14279778235162582	0.163937773903347	0.18277100857195558	0.1951997773488194	0.10586002046853218	0.09901605304090307	0.07829430904161057	0.11661111486162802	0	0.14790290057065375	0.16895678982951517	0.1273968752973637	0.18400860338612868	0.13799477492677062	0.12462931581955718
R67	200356	0.14860022381215415	0.16026063909672728	0.16383392792702184	0.12332307135055084	0.10976230262243254	0.14350062143189132	0.2577949265501541	0.1541482112642863	0.17061766484523916	0.1607675557563818	0.13588754001825	0.14790290057065375	0	0.12045181903230884	0.13618771352131426	0.1553053627880047	0.13514407243666304	0.11821641619749601
R68	200357	0.14037090900994018	0.11263986002423551	0.11490101637164296	0.08682693125165411	0.059494733129181056	0.10720373983902341	0.2685946784275828	0.2043240162755885	0.21016065777864096	0.19104185351044578	0.1586548706586422	0.16895678982951517	0.12045181903230884	0	0.0854818424159175	0.18063168022842774	0.07530661446943313	0.07493167941099978
R69	200358	0.146600959040302	0.15717452246376687	0.15723663353039183	0.09717737250305347	0.09859851362107727	0.13346303503808507	0.2558321016504261	0.19407560964526008	0.18618992553804614	0.1663185017073459	0.16289937828748502	0.1273968752973637	0.13618771352131426	0.0854818424159175	0	0.1535544511936181	0.09404669669810822	0.08349297431080166
R70	200359	0.13696420164942097	0.20517170526616682	0.20938953749110337	0.15816737694987262	0.1542973258161295	0.172094651789509	0.29631279773524816	0.2052307308762045	0.23536378002990097	0.22703898649314225	0.17399967188062454	0.18400860338612868	0.1553053627880047	0.18063168022842774	0.1535544511936181	0	0.18476541672016242	0.1368746069935842
R71	200360	0.12900080178901996	0.12024359436158648	0.12241803506040247	0.08155811175913691	0.08428146446872509	0.1130731995698714	0.2341912793540494	0.182515622557202	0.19375179835619358	0.16380602208983466	0.14695015834051722	0.13799477492677062	0.13514407243666304	0.07530661446943313	0.09404669669810822	0.18476541672016242	0	0.09243004135285754
R72	200361	0.11866669332425313	0.14984205233575168	0.15092880075937395	0.08368984864357631	0.08309339329451908	0.1393476116227953	0.2416255826524037	0.15138605340239378	0.16015224336794012	0.14819811914171993	0.13299922877114742	0.12462931581955718	0.11821641619749601	0.07493167941099978	0.08349297431080166	0.1368746069935842	0.09243004135285754	0
