R57	197957	0.0	0.0021362205374555786	0.003053958712028506	0.002907106908841229	0.0021428489560512513	0.0034041617054676007	0.0026458003900756925	0.0017193741748066085	0.001176865266069269	0.001822304128164708	0.0036876885662320297	0.0015207194751199122	0.001025191130234811
R61	197961	0.0021362205374555786	0.0	0.0009233855568032323	0.0009345691196337436	0.0004990086145561714	0.001535671546324002	0.0006495781330031023	0.0007780775997996797	0.0017404759466753215	0.002709765574557411	0.001757031490900522	0.0014054985814085127	0.0019223248294421998
R62	197962	0.003053958712028506	0.0009233855568032323	0.0	0.0004955847826788684	0.0010708431032432813	0.0008450609778355074	0.0006074349564090851	0.0013576659903100636	0.002447544061637496	0.003633113651316184	0.000998921987102175	0.002041387519209504	0.0026841419981283154
R63	197963	0.002907106908841229	0.0009345691196337436	0.0004955847826788684	0.0	0.0011786349522733542	0.0008172081991062064	0.000809985686940859	0.0013521559134649316	0.0025492941464765034	0.0035968031092150025	0.0011771986288814738	0.0021995281809110688	0.002539453446301263
R64	197964	0.0021428489560512513	0.0004990086145561714	0.0010708431032432813	0.0011786349522733542	0.0	0.001652641218714027	0.0007020177969276273	0.0007000950216148802	0.001610174008128128	0.0027529072225436465	0.0017152821423467776	0.0012650248862201775	0.0017529428432210433
R65	197965	0.0034041617054676007	0.001535671546324002	0.0008450609778355074	0.0008172081991062064	0.001652641218714027	0.0	0.001303998952714777	0.0019091605669289571	0.003126838341165068	0.004174353931455885	0.0008740069455587283	0.002756621501743493	0.0031456388031559446
R66	197966	0.0026458003900756925	0.0006495781330031023	0.0006074349564090851	0.000809985686940859	0.0007020177969276273	0.001303998952714777	0.0	0.00112254824476485	0.0021535755089918075	0.003180940436772441	0.0013613880495099815	0.0017966837970707077	0.0023116819897758276
R67	197967	0.0017193741748066085	0.0007780775997996797	0.0013576659903100636	0.0013521559134649316	0.0007000950216148802	0.0019091605669289571	0.00112254824476485	0.0	0.0013542232148085304	0.0024238733907904443	0.0020304371368819363	0.0013009166419094915	0.0013632844391969284
R68	197968	0.001176865266069269	0.0017404759466753215	0.002447544061637496	0.0025492941464765034	0.001610174008128128	0.003126838341165068	0.0021535755089918075	0.0013542232148085304	0.0	0.0014610739420788906	0.003266625889924725	0.0005947508338355172	0.0005593252496386692
R69	197969	0.001822304128164708	0.002709765574557411	0.003633113651316184	0.0035968031092150025	0.0027529072225436465	0.004174353931455885	0.003180940436772441	0.0024238733907904443	0.0014610739420788906	0.0	0.004428671337589357	0.0019629708030269154	0.0012723414906415772
R70	197970	0.0036876885662320297	0.001757031490900522	0.000998921987102175	0.0011771986288814738	0.0017152821423467776	0.0008740069455587283	0.0013613880495099815	0.0020304371368819363	0.003266625889924725	0.004428671337589357	0.0	0.0028724289345077305	0.003393721576078865
R71	197971	0.0015207194751199122	0.0014054985814085127	0.002041387519209504	0.0021995281809110688	0.0012650248862201775	0.002756621501743493	0.0017966837970707077	0.0013009166419094915	0.0005947508338355172	0.0019629708030269154	0.0028724289345077305	0.0	0.0009775554444425676
R72	197972	0.001025191130234811	0.0019223248294421998	0.0026841419981283154	0.002539453446301263	0.0017529428432210433	0.0031456388031559446	0.0023116819897758276	0.0013632844391969284	0.0005593252496386692	0.0012723414906415772	0.003393721576078865	0.0009775554444425676	0.0
