R55	197955	0.0	0.0015871672021874278	0.001616443790982696	0.0008865900206612624	0.0007813083808863266	0.001009216998505643	0.006202309226698932	0.0021437537253889004	0.0023661186087896684	0.001945800077769267	0.0013764988928043592	0.0014782258692645975	0.0010319837943361702	0.0013063566227873584	0.001113717573967241	0.0010137941583230924	0.0013675450299060136	0.000933136856992692
R56	197956	0.0015871672021874278	0.0	0.00019061989000948693	0.001284515664090949	0.0011565761561664692	0.000652064958596174	0.007270489120763463	0.003339895225439442	0.003541909355160773	0.0031478794011151404	0.0023873073234004193	0.002797716916363276	0.0021158051905644723	0.0010091898860518675	0.0017139235728285795	0.002139704022242385	0.0009372513368999574	0.002106182109311668
R57	197957	0.001616443790982696	0.00019061989000948693	0.0	0.001289783994457873	0.0011385678904304304	0.0006732756336145755	0.007283521526203256	0.003341344355006424	0.0035564915459870036	0.0031501846977077083	0.0023932548727114973	0.002810750097164057	0.0021258518805405413	0.0010167889878120663	0.0017099355711727654	0.0021527758591387723	0.0009394701661061063	0.0021084599514542275
R58	197958	0.0008865900206612624	0.001284515664090949	0.001289783994457873	0.0	0.0005518657287682091	0.0010207737777745492	0.006000070835754122	0.002134789632130773	0.002335128903867732	0.0018908622346141659	0.0013441510022126246	0.0015687772889222337	0.001002503870926932	0.0008577807559807785	0.0007796687145804123	0.0012846829765986462	0.0009089245801015735	0.0008586112450816076
R59	197959	0.0007813083808863266	0.0011565761561664692	0.0011385678904304304	0.0005518657287682091	0.0	0.0007510235071967915	0.006227647500715394	0.0023730173922065483	0.002596120549621893	0.0020893127273173178	0.0014422370248018278	0.0017721514056163556	0.0010640474285885894	0.0006320399256381035	0.0006213275120389231	0.0010541034534830205	0.000768825335215215	0.0010270652354347361
R60	197960	0.001009216998505643	0.000652064958596174	0.0006732756336145755	0.0010207737777745492	0.0007510235071967915	0.0	0.006856085493293498	0.002926134267459984	0.003157109484332236	0.0027296297678931713	0.0020299584305296884	0.002261380798631933	0.0016888203033519082	0.0007158966715229794	0.0011674394705348595	0.001554601560762992	0.0006421436434425648	0.001690206685619683
R61	197961	0.006202309226698932	0.007270489120763463	0.007283521526203256	0.006000070835754122	0.006227647500715394	0.006856085493293498	0.0	0.004822163249405004	0.004466027754336407	0.0049864371038629346	0.005150576805324483	0.005145811333235254	0.005477403464659662	0.0065449818533721334	0.006132653047315173	0.006104922542094483	0.006543302103624894	0.005438313912808294
R62	197962	0.0021437537253889004	0.003339895225439442	0.003341344355006424	0.002134789632130773	0.0023730173922065483	0.002926134267459984	0.004822163249405004	0.0	0.0006195382643215654	0.0004897697722835354	0.0010209008033945466	0.0009235260908093119	0.0014092598195136743	0.002647219127742321	0.0023137246938475095	0.0020311331032737195	0.0025882374078105845	0.0013826099435640506
R63	197963	0.0023661186087896684	0.003541909355160773	0.0035564915459870036	0.002335128903867732	0.002596120549621893	0.003157109484332236	0.004466027754336407	0.0006195382643215654	0.0	0.0007950785663836891	0.0012058836217127378	0.0010194528759739164	0.0016587816957282311	0.002821555348743872	0.002379463932414709	0.0024794177936491146	0.0028864350071711874	0.0015909153103914303
R64	197964	0.001945800077769267	0.0031478794011151404	0.0031501846977077083	0.0018908622346141659	0.0020893127273173178	0.0027296297678931713	0.0049864371038629346	0.0004897697722835354	0.0007950785663836891	0.0	0.0008732553205829175	0.0005549601798983899	0.001290393283613614	0.002368652938872561	0.0018429694408050108	0.0017818595595828703	0.002343957289159159	0.0010965826793070087
R65	197965	0.0013764988928043592	0.0023873073234004193	0.0023932548727114973	0.0013441510022126246	0.0014422370248018278	0.0020299584305296884	0.005150576805324483	0.0010209008033945466	0.0012058836217127378	0.0008732553205829175	0.0	0.0006822137255786767	0.0011714643145111583	0.001847323849203964	0.001658281423204035	0.0014442814105898208	0.0019604058508482344	0.0008619083885517296
R66	197966	0.0014782258692645975	0.002797716916363276	0.002810750097164057	0.0015687772889222337	0.0017721514056163556	0.002261380798631933	0.005145811333235254	0.0009235260908093119	0.0010194528759739164	0.0005549601798983899	0.0006822137255786767	0.0	0.0012942600910690676	0.0021111166392081306	0.0014377237862924018	0.0015350851461939101	0.0021574103402226324	0.0008025070465006831
R67	197967	0.0010319837943361702	0.0021158051905644723	0.0021258518805405413	0.001002503870926932	0.0010640474285885894	0.0016888203033519082	0.005477403464659662	0.0014092598195136743	0.0016587816957282311	0.001290393283613614	0.0011714643145111583	0.0012942600910690676	0.0	0.0015792900455287968	0.0011967296591270124	0.0011202974855098668	0.0015747761571971975	0.0009084600818570652
R68	197968	0.0013063566227873584	0.0010091898860518675	0.0010167889878120663	0.0008577807559807785	0.0006320399256381035	0.0007158966715229794	0.0065449818533721334	0.002647219127742321	0.002821555348743872	0.002368652938872561	0.001847323849203964	0.0021111166392081306	0.0015792900455287968	0.0	0.0009488385704717	0.0015877869072430362	0.0004584020511149173	0.0013435245325239841
R69	197969	0.001113717573967241	0.0017139235728285795	0.0017099355711727654	0.0007796687145804123	0.0006213275120389231	0.0011674394705348595	0.006132653047315173	0.0023137246938475095	0.002379463932414709	0.0018429694408050108	0.001658281423204035	0.0014377237862924018	0.0011967296591270124	0.0009488385704717	0.0	0.0010790105249226139	0.000990274076908968	0.0010328935337365983
R70	197970	0.0010137941583230924	0.002139704022242385	0.0021527758591387723	0.0012846829765986462	0.0010541034534830205	0.001554601560762992	0.006104922542094483	0.0020311331032737195	0.0024794177936491146	0.0017818595595828703	0.0014442814105898208	0.0015350851461939101	0.0011202974855098668	0.0015877869072430362	0.0010790105249226139	0.0	0.001559136981107941	0.001131394530711153
R71	197971	0.0013675450299060136	0.0009372513368999574	0.0009394701661061063	0.0009089245801015735	0.000768825335215215	0.0006421436434425648	0.006543302103624894	0.0025882374078105845	0.0028864350071711874	0.002343957289159159	0.0019604058508482344	0.0021574103402226324	0.0015747761571971975	0.0004584020511149173	0.000990274076908968	0.001559136981107941	0.0	0.0014100415594694344
R72	197972	0.000933136856992692	0.002106182109311668	0.0021084599514542275	0.0008586112450816076	0.0010270652354347361	0.001690206685619683	0.005438313912808294	0.0013826099435640506	0.0015909153103914303	0.0010965826793070087	0.0008619083885517296	0.0008025070465006831	0.0009084600818570652	0.0013435245325239841	0.0010328935337365983	0.001131394530711153	0.0014100415594694344	0.0
