R55	197955	0	0.11650843799778407	0.12010608765501761	0.09779200479724903	0.08908060070239289	0.07851500353768033	0.29582782028405297	0.19079627671612953	0.19545387196227926	0.22954670145460382	0.1733051449636317	0.16816765160095562	0.1509058268146967	0.13045225881432324	0.1385641719946227	0.1344491908281351	0.11987083050033907	0.12265054920736698
R56	197956	0.11650843799778407	0	0.025619645680017344	0.10030236564026888	0.10751992193143385	0.05309521191389396	0.3221383196953196	0.23817921149621235	0.241626017959208	0.246635762356531	0.17184168082242457	0.20428415271950617	0.17053791402719892	0.11421537152593683	0.1638415889969064	0.19561618604942793	0.12450908038481188	0.14601322834554106
R57	197957	0.12010608765501761	0.025619645680017344	0	0.09613547631254704	0.10009893213969892	0.05357972869315455	0.32941401420421645	0.24305918925017173	0.25103965282792745	0.25854019276481394	0.18059162351181487	0.2118570835436857	0.17286772831874442	0.12005325191996379	0.16206053316517674	0.20337608862802967	0.12707582073771903	0.14543648556691505
R58	197958	0.09779200479724903	0.10030236564026888	0.09613547631254704	0	0.06395212325705421	0.10181172959580895	0.25307066029149816	0.18090577456584928	0.18678545780944703	0.18754246739823724	0.1413170976834315	0.14583441056861243	0.1297406138825303	0.0876348128764937	0.09850719630267661	0.14954798035390265	0.08055602620598198	0.07702477946371086
R59	197959	0.08908060070239289	0.10751992193143385	0.10009893213969892	0.06395212325705421	0	0.08941902318802067	0.2798908291717277	0.19959888474771278	0.2096529467208551	0.1957150468583403	0.14338693740786865	0.16504542627922977	0.11508025634427958	0.062204557131625225	0.10155389375868443	0.14445440584302716	0.08413626568162322	0.0796755868733781
R60	197960	0.07851500353768033	0.05309521191389396	0.05357972869315455	0.10181172959580895	0.08941902318802067	0	0.3189817332436764	0.2285427786959491	0.23992366537363968	0.2465387683922099	0.173047668527882	0.18268150000846084	0.15214276254062736	0.10767827104406068	0.13607039200423923	0.1601249694348199	0.11713368287933872	0.13604253232941474
R61	197961	0.29582782028405297	0.3221383196953196	0.32941401420421645	0.25307066029149816	0.2798908291717277	0.3189817332436764	0	0.20257523999782054	0.19346381803310672	0.1987939475734324	0.23003904628117844	0.2078196479998998	0.2711806671219556	0.2732696849808899	0.255436350649628	0.2843533866402479	0.24895918600848754	0.2302666019002391
R62	197962	0.19079627671612953	0.23817921149621235	0.24305918925017173	0.18090577456584928	0.19959888474771278	0.2285427786959491	0.20257523999782054	0	0.06401611215132375	0.08069431395267138	0.11955142223601913	0.11129990864047741	0.14965648914872368	0.1995054422024338	0.1920342435646633	0.1849487783536641	0.18490236381504208	0.13892606945861302
R63	197963	0.19545387196227926	0.241626017959208	0.25103965282792745	0.18678545780944703	0.2096529467208551	0.23992366537363968	0.19346381803310672	0.06401611215132375	0	0.08270513369005075	0.12117351723913335	0.10285684159632405	0.16813876926753746	0.2031702596919704	0.1766045462479326	0.21471477173606773	0.19708941402138402	0.1427403838819275
R64	197964	0.22954670145460382	0.246635762356531	0.25854019276481394	0.18754246739823724	0.1957150468583403	0.2465387683922099	0.1987939475734324	0.08069431395267138	0.08270513369005075	0	0.14168030980520552	0.08114167071550978	0.1546770023632034	0.18124519971137373	0.1542422126182257	0.19914631099344965	0.16220133810775839	0.12828462843165306
R65	197965	0.1733051449636317	0.17184168082242457	0.18059162351181487	0.1413170976834315	0.14338693740786865	0.173047668527882	0.23003904628117844	0.11955142223601913	0.12117351723913335	0.14168030980520552	0	0.12288917234955099	0.1318452562135812	0.15922170521263015	0.1655376547912162	0.15499690820504067	0.1539660144422809	0.12469408833571069
R66	197966	0.16816765160095562	0.20428415271950617	0.2118570835436857	0.14583441056861243	0.16504542627922977	0.18268150000846084	0.2078196479998998	0.11129990864047741	0.10285684159632405	0.08114167071550978	0.12288917234955099	0	0.14854385372397802	0.16358260860883897	0.11596382954346941	0.16058185076657253	0.1419878900608489	0.10329284775844678
R67	197967	0.1509058268146967	0.17053791402719892	0.17286772831874442	0.1297406138825303	0.11508025634427958	0.15214276254062736	0.2711806671219556	0.14965648914872368	0.16813876926753746	0.1546770023632034	0.1318452562135812	0.14854385372397802	0	0.1270891715891652	0.1433863887464418	0.1506914777951463	0.14166005505606413	0.12008851282323418
R68	197968	0.13045225881432324	0.11421537152593683	0.12005325191996379	0.0876348128764937	0.062204557131625225	0.10767827104406068	0.2732696849808899	0.1995054422024338	0.2031702596919704	0.18124519971137373	0.15922170521263015	0.16358260860883897	0.1270891715891652	0	0.08980635113509135	0.17184558230897645	0.07143821516534368	0.07198285392525337
R69	197969	0.1385641719946227	0.1638415889969064	0.16206053316517674	0.09850719630267661	0.10155389375868443	0.13607039200423923	0.255436350649628	0.1920342435646633	0.1766045462479326	0.1542422126182257	0.1655376547912162	0.11596382954346941	0.1433863887464418	0.08980635113509135	0	0.14695446407127333	0.09363182097522911	0.07567026974103497
R70	197970	0.1344491908281351	0.19561618604942793	0.20337608862802967	0.14954798035390265	0.14445440584302716	0.1601249694348199	0.2843533866402479	0.1849487783536641	0.21471477173606773	0.19914631099344965	0.15499690820504067	0.16058185076657253	0.1506914777951463	0.17184558230897645	0.14695446407127333	0	0.166444585184359	0.1392239111147518
R71	197971	0.11987083050033907	0.12450908038481188	0.12707582073771903	0.08055602620598198	0.08413626568162322	0.11713368287933872	0.24895918600848754	0.18490236381504208	0.19708941402138402	0.16220133810775839	0.1539660144422809	0.1419878900608489	0.14166005505606413	0.07143821516534368	0.09363182097522911	0.166444585184359	0	0.08351064092551792
R72	197972	0.12265054920736698	0.14601322834554106	0.14543648556691505	0.07702477946371086	0.0796755868733781	0.13604253232941474	0.2302666019002391	0.13892606945861302	0.1427403838819275	0.12828462843165306	0.12469408833571069	0.10329284775844678	0.12008851282323418	0.07198285392525337	0.07567026974103497	0.1392239111147518	0.08351064092551792	0
