R55	197955	0.0	0.0008541764132764456	0.0007540068028338329	0.000554368334259912	0.000600750148688426	0.0004568730120534075	0.0048398428820919746	0.001254715210702843	0.0017038442049195118	0.0012549376977756277	0.0009968578694559396	0.001046362594713657	0.0007750496350620745	0.00040189233749282253	0.00047778980536191355	0.00046101587594022677	0.0006534560124892576	0.0006871603867040448
R56	197956	0.0008541764132764456	0.0	0.0003405369167862061	0.0011961948247841882	0.001270563251144983	0.00047625897399076116	0.005530936398131149	0.0019582449364180183	0.002380214961312981	0.001963737687293482	0.001177624515709017	0.001776531777974677	0.0015028696193157825	0.0009597812955093638	0.0011765737714813209	0.001094277297798867	0.0006280620244296414	0.0013836177260911884
R57	197957	0.0007540068028338329	0.0003405369167862061	0.0	0.0010868030628125346	0.0011534489489098238	0.0003719656989759195	0.005435620380342887	0.0018528665902997077	0.0022925497366603266	0.0018632154657477154	0.0010776464036139758	0.0016828780812685057	0.0014098454953924938	0.0008544181040744823	0.0010743819253880903	0.0010014557343340604	0.0005282676883823691	0.0012829282936034595
R58	197958	0.000554368334259912	0.0011961948247841882	0.0010868030628125346	0.0	0.00022921213740672658	0.0008819723974896345	0.004353536115391549	0.0012492042127452926	0.0012690617634363197	0.0012174316027349014	0.001128838519175778	0.001051111854828709	0.0004286056315107006	0.0005417777829313581	0.0006308344834573709	0.0008144085537573533	0.0008776463717003809	0.0005963911492959933
R59	197959	0.000600750148688426	0.001270563251144983	0.0011534489489098238	0.00022921213740672658	0.0	0.0009244360886844668	0.004341539725105841	0.001242064701982379	0.0013087624906485142	0.0011729976181512423	0.0010889481604882214	0.0010145545927212661	0.0004245753950240286	0.0004920475514827398	0.0005855341240413503	0.0007682966589553177	0.0009101248091980883	0.0005134936469463361
R60	197960	0.0004568730120534075	0.00047625897399076116	0.0003719656989759195	0.0008819723974896345	0.0009244360886844668	0.0	0.005177705917572121	0.0016142678339515625	0.0020720593775286956	0.001612172476116254	0.0009756398694478065	0.0014052797816198745	0.001157381148398164	0.0006151703479705355	0.0007965909351760705	0.0006899733486056566	0.00039831853874860507	0.0010350354868689411
R61	197961	0.0048398428820919746	0.005530936398131149	0.005435620380342887	0.004353536115391549	0.004341539725105841	0.005177705917572121	0.0	0.0041059361268155235	0.0035686494526539596	0.003977798865828279	0.0045771202975104334	0.004085201686522996	0.0041386985152238225	0.00466866079322315	0.004584029813830175	0.004770271566804345	0.004989801505377529	0.004277074601108742
R62	197962	0.001254715210702843	0.0019582449364180183	0.0018528665902997077	0.0012492042127452926	0.001242064701982379	0.0016142678339515625	0.0041059361268155235	0.0	0.0006914720323873109	0.0002575996975445391	0.0008336890058892585	0.00034183871917300664	0.0011729312829695635	0.0011618054679150781	0.0011181631240830844	0.0012339986536588495	0.0014386695445122212	0.0007480944518522225
R63	197963	0.0017038442049195118	0.002380214961312981	0.0022925497366603266	0.0012690617634363197	0.0013087624906485142	0.0020720593775286956	0.0035686494526539596	0.0006914720323873109	0.0	0.0006340145375932292	0.0012449952651316445	0.0007670510145921735	0.0011605331291583314	0.0015962439192611871	0.0015280486206293016	0.0017444041546342255	0.001914388378511609	0.0011493059214899059
R64	197964	0.0012549376977756277	0.001963737687293482	0.0018632154657477154	0.0012174316027349014	0.0011729976181512423	0.001612172476116254	0.003977798865828279	0.0002575996975445391	0.0006340145375932292	0.0	0.0008620197865360653	0.00027408468927520133	0.0011435013915138913	0.0010678626880360692	0.00098567304502819	0.001178306808073004	0.0014021189850415923	0.0006814339748381974
R65	197965	0.0009968578694559396	0.001177624515709017	0.0010776464036139758	0.001128838519175778	0.0010889481604882214	0.0009756398694478065	0.0045771202975104334	0.0008336890058892585	0.0012449952651316445	0.0008620197865360653	0.0	0.0007219057036780977	0.0012255708860128812	0.0008033376471218341	0.0010342473906683667	0.001071540419252026	0.0008004598767775929	0.0007336864010041811
R66	197966	0.001046362594713657	0.001776531777974677	0.0016828780812685057	0.001051111854828709	0.0010145545927212661	0.0014052797816198745	0.004085201686522996	0.00034183871917300664	0.0007670510145921735	0.00027408468927520133	0.0007219057036780977	0.0	0.0010175087016019227	0.0009352904317198207	0.0008130067146746324	0.0010318989460942679	0.001288303028326027	0.0005330424850220265
R67	197967	0.0007750496350620745	0.0015028696193157825	0.0014098454953924938	0.0004286056315107006	0.0004245753950240286	0.001157381148398164	0.0041386985152238225	0.0011729312829695635	0.0011605331291583314	0.0011435013915138913	0.0012255708860128812	0.0010175087016019227	0.0	0.0007276135308755881	0.0005982576828151386	0.0007328962359557309	0.0010215793126237954	0.0007025717857228678
R68	197968	0.00040189233749282253	0.0009597812955093638	0.0008544181040744823	0.0005417777829313581	0.0004920475514827398	0.0006151703479705355	0.00466866079322315	0.0011618054679150781	0.0015962439192611871	0.0010678626880360692	0.0008033376471218341	0.0009352904317198207	0.0007276135308755881	0.0	0.00036180051053034707	0.0005323894295122426	0.00046337486840364284	0.0004879030115486311
R69	197969	0.00047778980536191355	0.0011765737714813209	0.0010743819253880903	0.0006308344834573709	0.0005855341240413503	0.0007965909351760705	0.004584029813830175	0.0011181631240830844	0.0015280486206293016	0.00098567304502819	0.0010342473906683667	0.0008130067146746324	0.0005982576828151386	0.00036180051053034707	0.0	0.0004185083232448142	0.0006227679600546471	0.0004967241604197715
R70	197970	0.00046101587594022677	0.001094277297798867	0.0010014557343340604	0.0008144085537573533	0.0007682966589553177	0.0006899733486056566	0.004770271566804345	0.0012339986536588495	0.0017444041546342255	0.001178306808073004	0.001071540419252026	0.0010318989460942679	0.0007328962359557309	0.0005323894295122426	0.0004185083232448142	0.0	0.0006515193326983885	0.0007249188434392866
R71	197971	0.0006534560124892576	0.0006280620244296414	0.0005282676883823691	0.0008776463717003809	0.0009101248091980883	0.00039831853874860507	0.004989801505377529	0.0014386695445122212	0.001914388378511609	0.0014021189850415923	0.0008004598767775929	0.001288303028326027	0.0010215793126237954	0.00046337486840364284	0.0006227679600546471	0.0006515193326983885	0.0	0.000857887905116946
R72	197972	0.0006871603867040448	0.0013836177260911884	0.0012829282936034595	0.0005963911492959933	0.0005134936469463361	0.0010350354868689411	0.004277074601108742	0.0007480944518522225	0.0011493059214899059	0.0006814339748381974	0.0007336864010041811	0.0005330424850220265	0.0007025717857228678	0.0004879030115486311	0.0004967241604197715	0.0007249188434392866	0.000857887905116946	0.0
