R55	197955	0	0.08590793150344835	0.06973224888578076	0.0682219818417357	0.07375903450151676	0.04660181761392359	0.2203782553261184	0.13638718114172033	0.14033584815016345	0.16764305269934804	0.13362540495224512	0.1277530455803079	0.09095566594135332	0.08836143570991849	0.08577187494546824	0.08557655630838475	0.08019960765408345	0.08185477931176446
R56	197956	0.08590793150344835	0	0.04712371409816458	0.11190350011940273	0.12156921957723216	0.05687647545704039	0.2284398427381795	0.1327002869461563	0.15707780877743108	0.14714174836321195	0.10485975841925876	0.11831120879372883	0.13747486404906062	0.09272022040761833	0.11426593169691894	0.12471667713008171	0.08678284368034872	0.10858394770330244
R57	197957	0.06973224888578076	0.04712371409816458	0	0.08828937543489991	0.0972068158369451	0.03544785219414963	0.23647073946953628	0.1608834658209934	0.1666301483587458	0.18448656863315127	0.14345564927936713	0.14674410984300604	0.12207238124819086	0.09758129025911245	0.11670707551360573	0.13583229591523704	0.09109759357781484	0.1024955075316289
R58	197958	0.0682219818417357	0.11190350011940273	0.08828937543489991	0	0.04025548292313888	0.08001112280030485	0.19336869846798357	0.15318585047124292	0.1579552615187945	0.167890378749487	0.14493341804326018	0.13450992576925397	0.08212341543011902	0.08835683868456166	0.09385682668295889	0.10973177739903645	0.09078059846573541	0.08177047139019171
R59	197959	0.07375903450151676	0.12156921957723216	0.0972068158369451	0.04025548292313888	0	0.08532297644469074	0.2055208155725286	0.15874134962633282	0.16588272864470896	0.16423542316656486	0.14659129200373985	0.1393370911866597	0.07791279713967435	0.06569327183221271	0.08171488307647805	0.10342709830402409	0.09329663200716622	0.07030263138393698
R60	197960	0.04660181761392359	0.05687647545704039	0.03544785219414963	0.08001112280030485	0.08532297644469074	0	0.22952990048232833	0.15399390967236593	0.16173073381001007	0.17762175481872	0.14156984870536415	0.1355569860055443	0.10578937777594821	0.0869428809582859	0.09624669257035597	0.10783577919047319	0.08506755467816823	0.09044936776027243
R61	197961	0.2203782553261184	0.2284398427381795	0.23647073946953628	0.19336869846798357	0.2055208155725286	0.22952990048232833	0	0.17572231931745244	0.15782848747271636	0.15833355874185862	0.19534348759239586	0.16490145037327164	0.1998114529682131	0.2054390031940095	0.2003200408348402	0.22438010841679243	0.2027371248981343	0.18247758332543262
R62	197962	0.13638718114172033	0.1327002869461563	0.1608834658209934	0.15318585047124292	0.15874134962633282	0.15399390967236593	0.17572231931745244	0	0.06672511582381059	0.0679799973214937	0.08391078582840865	0.05598467722067671	0.12744017423472997	0.12328021357316832	0.12203568150272791	0.1277731768880999	0.11321579844668744	0.10182276643209308
R63	197963	0.14033584815016345	0.15707780877743108	0.1666301483587458	0.1579552615187945	0.16588272864470896	0.16173073381001007	0.15782848747271636	0.06672511582381059	0	0.07753805350509115	0.1036641456204325	0.074944738934722	0.13648666137799642	0.143908428524024	0.1404692283619304	0.16131650295313749	0.14549659864284914	0.1137050823155037
R64	197964	0.16764305269934804	0.14714174836321195	0.18448656863315127	0.167890378749487	0.16423542316656486	0.17762175481872	0.15833355874185862	0.0679799973214937	0.07753805350509115	0	0.0930187472731209	0.05462612150996233	0.1371941414515346	0.11748027136089549	0.11272746916749558	0.1426655278352352	0.11062120032933365	0.10210484987035551
R65	197965	0.13362540495224512	0.10485975841925876	0.14345564927936713	0.14493341804326018	0.14659129200373985	0.14156984870536415	0.19534348759239586	0.08391078582840865	0.1036641456204325	0.0930187472731209	0	0.08318997906634339	0.13895645983307017	0.11185015973527543	0.12377857413225184	0.1213021495424864	0.104651382705018	0.1050694093623224
R66	197966	0.1277530455803079	0.11831120879372883	0.14674410984300604	0.13450992576925397	0.1393370911866597	0.1355569860055443	0.16490145037327164	0.05598467722067671	0.074944738934722	0.05462612150996233	0.08318997906634339	0	0.11201536144549083	0.10087993523763647	0.0910029097207798	0.11075663344001707	0.09343944844110619	0.08212790586879458
R67	197967	0.09095566594135332	0.13747486404906062	0.12207238124819086	0.08212341543011902	0.07791279713967435	0.10578937777594821	0.1998114529682131	0.12744017423472997	0.13648666137799642	0.1371941414515346	0.13895645983307017	0.11201536144549083	0	0.08991603974431824	0.07555336388655796	0.087943349598163	0.0959079566336835	0.07864981974184918
R68	197968	0.08836143570991849	0.09272022040761833	0.09758129025911245	0.08835683868456166	0.06569327183221271	0.0869428809582859	0.2054390031940095	0.12328021357316832	0.143908428524024	0.11748027136089549	0.11185015973527543	0.10087993523763647	0.08991603974431824	0	0.04664320874821147	0.098365423654705	0.04799597202534786	0.03534916621622641
R69	197969	0.08577187494546824	0.11426593169691894	0.11670707551360573	0.09385682668295889	0.08171488307647805	0.09624669257035597	0.2003200408348402	0.12203568150272791	0.1404692283619304	0.11272746916749558	0.12377857413225184	0.0910029097207798	0.07555336388655796	0.04664320874821147	0	0.07614087735261812	0.05607686008571438	0.04882309705900177
R70	197970	0.08557655630838475	0.12471667713008171	0.13583229591523704	0.10973177739903645	0.10342709830402409	0.10783577919047319	0.22438010841679243	0.1277731768880999	0.16131650295313749	0.1426655278352352	0.1213021495424864	0.11075663344001707	0.087943349598163	0.098365423654705	0.07614087735261812	0	0.0899544664645805	0.09218930554212645
R71	197971	0.08019960765408345	0.08678284368034872	0.09109759357781484	0.09078059846573541	0.09329663200716622	0.08506755467816823	0.2027371248981343	0.11321579844668744	0.14549659864284914	0.11062120032933365	0.104651382705018	0.09343944844110619	0.0959079566336835	0.04799597202534786	0.05607686008571438	0.0899544664645805	0	0.056253217335985005
R72	197972	0.08185477931176446	0.10858394770330244	0.1024955075316289	0.08177047139019171	0.07030263138393698	0.09044936776027243	0.18247758332543262	0.10182276643209308	0.1137050823155037	0.10210484987035551	0.1050694093623224	0.08212790586879458	0.07864981974184918	0.03534916621622641	0.04882309705900177	0.09218930554212645	0.056253217335985005	0
