44
517        0.0000000 0.0357502 0.0238066 0.0198063 0.0382415 0.0158046 0.0154094 0.0237910 0.0357545 0.0237910 0.0198309 0.0356821 0.0158046 0.0197880 0.0356821 0.0276544 0.0357052 0.0198337 0.0198437 0.0238395 0.0382848 0.0197880 0.0238617 0.0357545 0.0316567 0.0197880 0.0316567 0.0197880 0.0357502 0.0197880 0.0356719 0.0038182 0.0197880 0.0158046 0.0276288 0.0038182 0.0238617 0.0316567 0.0356821 0.0357052 0.0115029 0.0318766 0.0277560 0.0356719 
471943     0.0357502 0.0000000 0.0117192 0.0157945 0.0082622 0.0117192 0.0196574 0.0117116 0.0077405 0.0118080 0.0158140 0.0077251 0.0118157 0.0077927 0.0077251 0.0077301 0.0077301 0.0158162 0.0158241 0.0117351 0.0082720 0.0077927 0.0117458 0.0077405 0.0038867 0.0077927 0.0038554 0.0077927 0.0077394 0.0078569 0.0077232 0.0317258 0.0157800 0.0118157 0.0077232 0.0317258 0.0198209 0.0038554 0.0077251 0.0077301 0.0479931 0.0077824 0.0038727 0.0077232 
70921      0.0238066 0.0117192 0.0000000 0.0118120 0.0125200 0.0077903 0.0078545 0.0077853 0.0117209 0.0078493 0.0118255 0.0116973 0.0078545 0.0038855 0.0116973 0.0117049 0.0117049 0.0118273 0.0118331 0.0078010 0.0125341 0.0038855 0.0078080 0.0117209 0.0078473 0.0038855 0.0077833 0.0038855 0.0117192 0.0039174 0.0116943 0.0198063 0.0118012 0.0078545 0.0116943 0.0198063 0.0158113 0.0077833 0.0116973 0.0117049 0.0359534 0.0117315 0.0077833 0.0116943 
38924      0.0198063 0.0157945 0.0118120 0.0000000 0.0168860 0.0039209 0.0039209 0.0118043 0.0157967 0.0118043 0.0078713 0.0157647 0.0039209 0.0078545 0.0157647 0.0078545 0.0157750 0.0078724 0.0078763 0.0118273 0.0169052 0.0078545 0.0118381 0.0157967 0.0118012 0.0078545 0.0118012 0.0078545 0.0157945 0.0078545 0.0157605 0.0158191 0.0078545 0.0039209 0.0157605 0.0158191 0.0039299 0.0118012 0.0157647 0.0157750 0.0319056 0.0158113 0.0118012 0.0157605 
70928      0.0382415 0.0082622 0.0125200 0.0168860 0.0000000 0.0125200 0.0210118 0.0125114 0.0082637 0.0126216 0.0169084 0.0082468 0.0126304 0.0083243 0.0082468 0.0082525 0.0082525 0.0169109 0.0169200 0.0125383 0.0082720 0.0083243 0.0125505 0.0082637 0.0041507 0.0083243 0.0041152 0.0083243 0.0041152 0.0083974 0.0082446 0.0339324 0.0168704 0.0126304 0.0082446 0.0339324 0.0211980 0.0041152 0.0082468 0.0082525 0.0513640 0.0083123 0.0041347 0.0082446 
70933      0.0158046 0.0117192 0.0077903 0.0039209 0.0125200 0.0000000 0.0000010 0.0077853 0.0117209 0.0078493 0.0039257 0.0116973 0.0000010 0.0038855 0.0116973 0.0038855 0.0117049 0.0039263 0.0039282 0.0078010 0.0125341 0.0038855 0.0078080 0.0117209 0.0078473 0.0038855 0.0077833 0.0038855 0.0117192 0.0039174 0.0116943 0.0118331 0.0039174 0.0000010 0.0116943 0.0118331 0.0078724 0.0077833 0.0116973 0.0117049 0.0278458 0.0117315 0.0077833 0.0116943 
32         0.0154094 0.0196574 0.0078545 0.0039209 0.0210118 0.0000010 0.0000000 0.0078493 0.0196601 0.0078493 0.0039257 0.0196204 0.0000010 0.0039174 0.0196204 0.0117315 0.0196332 0.0039263 0.0039282 0.0078653 0.0210355 0.0039174 0.0078724 0.0196601 0.0156672 0.0039174 0.0156672 0.0039174 0.0196574 0.0039174 0.0196152 0.0115389 0.0039174 0.0000010 0.0196152 0.0115389 0.0078724 0.0156672 0.0196204 0.0196332 0.0271454 0.0157743 0.0117741 0.0196152 
70818      0.0237910 0.0117116 0.0077853 0.0118043 0.0125114 0.0077853 0.0078493 0.0000000 0.0117133 0.0078442 0.0118188 0.0116898 0.0078493 0.0038830 0.0116898 0.0116973 0.0116973 0.0118205 0.0118253 0.0077959 0.0125255 0.0038830 0.0078030 0.0117133 0.0078422 0.0038830 0.0077782 0.0038830 0.0117116 0.0039148 0.0116868 0.0197934 0.0117935 0.0078493 0.0116868 0.0197934 0.0158009 0.0077782 0.0116898 0.0116973 0.0359299 0.0117239 0.0077782 0.0116868 
70819      0.0357545 0.0077405 0.0117209 0.0157967 0.0082637 0.0117209 0.0196601 0.0117133 0.0000000 0.0118097 0.0158162 0.0077262 0.0118174 0.0077939 0.0077262 0.0077312 0.0077312 0.0158185 0.0158263 0.0038826 0.0082734 0.0077939 0.0117475 0.0077417 0.0038873 0.0077939 0.0038559 0.0077939 0.0077405 0.0078581 0.0077243 0.0317298 0.0157822 0.0118174 0.0077243 0.0317298 0.0198237 0.0038559 0.0077262 0.0077312 0.0479983 0.0077836 0.0038733 0.0077243 
70820      0.0237910 0.0118080 0.0078493 0.0118043 0.0126216 0.0078493 0.0078493 0.0078442 0.0118097 0.0000000 0.0118188 0.0117858 0.0078493 0.0039148 0.0117858 0.0117935 0.0117935 0.0118205 0.0118253 0.0078601 0.0126359 0.0039148 0.0078673 0.0118097 0.0078422 0.0039148 0.0078422 0.0039148 0.0118080 0.0039148 0.0117828 0.0197934 0.0117935 0.0078493 0.0117828 0.0197934 0.0158009 0.0078422 0.0117858 0.0117935 0.0359299 0.0118205 0.0078422 0.0117828 
70821      0.0198309 0.0158140 0.0118255 0.0078713 0.0169084 0.0039257 0.0039257 0.0118188 0.0158162 0.0118188 0.0000000 0.0157841 0.0039257 0.0078641 0.0157841 0.0078641 0.0157945 0.0078821 0.0078859 0.0118419 0.0169277 0.0078641 0.0118528 0.0158162 0.0118157 0.0078641 0.0118157 0.0078641 0.0158140 0.0078641 0.0157800 0.0158387 0.0078641 0.0039257 0.0157800 0.0158387 0.0118528 0.0118157 0.0157841 0.0157945 0.0319459 0.0158308 0.0118157 0.0157800 
70822      0.0356821 0.0077251 0.0116973 0.0157647 0.0082468 0.0116973 0.0196204 0.0116898 0.0077262 0.0117858 0.0157841 0.0000000 0.0117935 0.0077782 0.0077109 0.0077158 0.0077158 0.0157864 0.0157942 0.0117133 0.0082560 0.0077782 0.0117239 0.0077262 0.0038795 0.0077782 0.0038482 0.0077782 0.0077251 0.0078422 0.0077090 0.0316656 0.0157503 0.0117935 0.0077090 0.0316656 0.0197834 0.0038482 0.0077109 0.0077158 0.0479007 0.0077680 0.0038656 0.0077090 
41         0.0158046 0.0118157 0.0078545 0.0039209 0.0126304 0.0000010 0.0000010 0.0078493 0.0118174 0.0078493 0.0039257 0.0117935 0.0000000 0.0039174 0.0117935 0.0039174 0.0118012 0.0039263 0.0039282 0.0078653 0.0126448 0.0039174 0.0078724 0.0118174 0.0078473 0.0039174 0.0078473 0.0039174 0.0118157 0.0039174 0.0117904 0.0118331 0.0039174 0.0000010 0.0117904 0.0118331 0.0078724 0.0078473 0.0117935 0.0118012 0.0278458 0.0118273 0.0078473 0.0117904 
49066      0.0197880 0.0077927 0.0038855 0.0078545 0.0083243 0.0038855 0.0039174 0.0038830 0.0077939 0.0039148 0.0078641 0.0077782 0.0039174 0.0000000 0.0077782 0.0077833 0.0077833 0.0078653 0.0078691 0.0038908 0.0083337 0.0000010 0.0038943 0.0077939 0.0039138 0.0000010 0.0038820 0.0000010 0.0077927 0.0000010 0.0077763 0.0158046 0.0078473 0.0039174 0.0077763 0.0158046 0.0118273 0.0038820 0.0077782 0.0077833 0.0318757 0.0078010 0.0038820 0.0077763 
70954      0.0356821 0.0077251 0.0116973 0.0157647 0.0082468 0.0116973 0.0196204 0.0116898 0.0077262 0.0117858 0.0157841 0.0077109 0.0117935 0.0077782 0.0000000 0.0077158 0.0077158 0.0157864 0.0157942 0.0117133 0.0082560 0.0077782 0.0117239 0.0077262 0.0038795 0.0077782 0.0038482 0.0077782 0.0077251 0.0078422 0.0077090 0.0316656 0.0157503 0.0117935 0.0077090 0.0316656 0.0197834 0.0038482 0.0000010 0.0077158 0.0479007 0.0077680 0.0038656 0.0077090 
70956      0.0276544 0.0077301 0.0117049 0.0078545 0.0082525 0.0038855 0.0117315 0.0116973 0.0077312 0.0117935 0.0078641 0.0077158 0.0039174 0.0077833 0.0077158 0.0000000 0.0077208 0.0078653 0.0078691 0.0117209 0.0082607 0.0077833 0.0117315 0.0077312 0.0038813 0.0077833 0.0038507 0.0077833 0.0077301 0.0078473 0.0077139 0.0236651 0.0078473 0.0039174 0.0077139 0.0236651 0.0118273 0.0038507 0.0077158 0.0077208 0.0397745 0.0077730 0.0038681 0.0077139 
70829      0.0357052 0.0077301 0.0117049 0.0157750 0.0082525 0.0117049 0.0196332 0.0116973 0.0077312 0.0117935 0.0157945 0.0077158 0.0118012 0.0077833 0.0077158 0.0077208 0.0000000 0.0157967 0.0158046 0.0117209 0.0082607 0.0077833 0.0117315 0.0077312 0.0038813 0.0077833 0.0038507 0.0077833 0.0077301 0.0078473 0.0077139 0.0316861 0.0157605 0.0118012 0.0077139 0.0316861 0.0197964 0.0038507 0.0077158 0.0077208 0.0479318 0.0077730 0.0038681 0.0077139 
70830      0.0198337 0.0158162 0.0118273 0.0078724 0.0169109 0.0039263 0.0039263 0.0118205 0.0158185 0.0118205 0.0078821 0.0157864 0.0039263 0.0078653 0.0157864 0.0078653 0.0157967 0.0000000 0.0078871 0.0118436 0.0169302 0.0078653 0.0118545 0.0158185 0.0118174 0.0078653 0.0118174 0.0078653 0.0158162 0.0078653 0.0157822 0.0158409 0.0078653 0.0039263 0.0157822 0.0158409 0.0118545 0.0118174 0.0157864 0.0157967 0.0319500 0.0158331 0.0118174 0.0157822 
70831      0.0198437 0.0158241 0.0118331 0.0078763 0.0169200 0.0039282 0.0039282 0.0118253 0.0158263 0.0118253 0.0078859 0.0157942 0.0039282 0.0078691 0.0157942 0.0078691 0.0158046 0.0078871 0.0000000 0.0118494 0.0169393 0.0078691 0.0118604 0.0158263 0.0118232 0.0078691 0.0118232 0.0078691 0.0158241 0.0078691 0.0157900 0.0158488 0.0078691 0.0039282 0.0157900 0.0158488 0.0118604 0.0118232 0.0157942 0.0158046 0.0319668 0.0158409 0.0118232 0.0157900 
1249193    0.0238395 0.0117351 0.0078010 0.0118273 0.0125383 0.0078010 0.0078653 0.0077959 0.0038826 0.0078601 0.0118419 0.0117133 0.0078653 0.0038908 0.0117133 0.0117209 0.0117209 0.0118436 0.0118494 0.0000000 0.0125525 0.0038908 0.0078187 0.0117369 0.0078581 0.0038908 0.0077939 0.0038908 0.0117351 0.0039228 0.0117102 0.0198337 0.0118174 0.0078653 0.0117102 0.0198337 0.0158331 0.0077939 0.0117133 0.0117209 0.0360034 0.0117475 0.0077939 0.0117102 
70839      0.0382848 0.0082720 0.0125341 0.0169052 0.0082720 0.0125341 0.0210355 0.0125255 0.0082734 0.0126359 0.0169277 0.0082560 0.0126448 0.0083337 0.0082560 0.0082607 0.0082607 0.0169302 0.0169393 0.0125525 0.0000000 0.0083337 0.0125647 0.0082734 0.0041554 0.0083337 0.0041198 0.0083337 0.0041198 0.0084070 0.0082538 0.0339708 0.0168886 0.0126448 0.0082538 0.0339708 0.0212222 0.0041198 0.0082560 0.0041198 0.0514222 0.0083216 0.0041393 0.0082538 
70840      0.0197880 0.0077927 0.0038855 0.0078545 0.0083243 0.0038855 0.0039174 0.0038830 0.0077939 0.0039148 0.0078641 0.0077782 0.0039174 0.0000010 0.0077782 0.0077833 0.0077833 0.0078653 0.0078691 0.0038908 0.0083337 0.0000000 0.0038943 0.0077939 0.0039138 0.0000010 0.0038820 0.0000010 0.0077927 0.0000010 0.0077763 0.0158046 0.0078473 0.0039174 0.0077763 0.0158046 0.0118273 0.0038820 0.0077782 0.0077833 0.0318757 0.0078010 0.0038820 0.0077763 
70841      0.0238617 0.0117458 0.0078080 0.0118381 0.0125505 0.0078080 0.0078724 0.0078030 0.0117475 0.0078673 0.0118528 0.0117239 0.0078724 0.0038943 0.0117239 0.0117315 0.0117315 0.0118545 0.0118604 0.0078187 0.0125647 0.0038943 0.0000000 0.0117475 0.0078653 0.0038943 0.0078010 0.0038943 0.0117458 0.0039263 0.0117209 0.0198521 0.0118273 0.0078724 0.0117209 0.0198521 0.0158477 0.0078010 0.0117239 0.0117315 0.0360373 0.0117582 0.0078010 0.0117209 
70842      0.0357545 0.0077405 0.0117209 0.0157967 0.0082637 0.0117209 0.0196601 0.0117133 0.0077417 0.0118097 0.0158162 0.0077262 0.0118174 0.0077939 0.0077262 0.0077312 0.0077312 0.0158185 0.0158263 0.0117369 0.0082734 0.0077939 0.0117475 0.0000000 0.0038873 0.0077939 0.0038559 0.0077939 0.0077405 0.0078581 0.0077243 0.0317298 0.0157822 0.0118174 0.0077243 0.0317298 0.0198237 0.0038559 0.0077262 0.0077312 0.0479983 0.0077836 0.0038733 0.0077243 
70843      0.0316567 0.0038867 0.0078473 0.0118012 0.0041507 0.0078473 0.0156672 0.0078422 0.0038873 0.0078422 0.0118157 0.0038795 0.0078473 0.0039138 0.0038795 0.0038813 0.0038813 0.0118174 0.0118232 0.0078581 0.0041554 0.0039138 0.0078653 0.0038873 0.0000000 0.0039138 0.0000010 0.0039138 0.0038867 0.0039138 0.0038784 0.0276544 0.0117904 0.0078473 0.0038784 0.0276544 0.0157967 0.0000010 0.0038795 0.0038813 0.0438240 0.0039085 0.0000010 0.0038784 
70844      0.0197880 0.0077927 0.0038855 0.0078545 0.0083243 0.0038855 0.0039174 0.0038830 0.0077939 0.0039148 0.0078641 0.0077782 0.0039174 0.0000010 0.0077782 0.0077833 0.0077833 0.0078653 0.0078691 0.0038908 0.0083337 0.0000010 0.0038943 0.0077939 0.0039138 0.0000000 0.0038238 0.0000010 0.0077927 0.0000010 0.0077763 0.0158046 0.0078473 0.0039174 0.0077763 0.0158046 0.0118273 0.0038820 0.0077782 0.0077833 0.0318757 0.0078010 0.0038820 0.0077763 
70846      0.0316567 0.0038554 0.0077833 0.0118012 0.0041152 0.0077833 0.0156672 0.0077782 0.0038559 0.0078422 0.0118157 0.0038482 0.0078473 0.0038820 0.0038482 0.0038507 0.0038507 0.0118174 0.0118232 0.0077939 0.0041198 0.0038820 0.0078010 0.0038559 0.0000010 0.0038238 0.0000000 0.0038820 0.0038554 0.0039138 0.0038473 0.0276544 0.0117904 0.0078473 0.0038473 0.0276544 0.0157967 0.0000010 0.0038482 0.0038507 0.0438240 0.0038768 0.0000010 0.0038473 
70847      0.0197880 0.0077927 0.0038855 0.0078545 0.0083243 0.0038855 0.0039174 0.0038830 0.0077939 0.0039148 0.0078641 0.0077782 0.0039174 0.0000010 0.0077782 0.0077833 0.0077833 0.0078653 0.0078691 0.0038908 0.0083337 0.0000010 0.0038943 0.0077939 0.0039138 0.0000010 0.0038820 0.0000000 0.0077927 0.0000010 0.0077763 0.0158046 0.0078473 0.0039174 0.0077763 0.0158046 0.0118273 0.0038820 0.0077782 0.0077833 0.0318757 0.0078010 0.0038820 0.0077763 
70849      0.0357502 0.0077394 0.0117192 0.0157945 0.0041152 0.0117192 0.0196574 0.0117116 0.0077405 0.0118080 0.0158140 0.0077251 0.0118157 0.0077927 0.0077251 0.0077301 0.0077301 0.0158162 0.0158241 0.0117351 0.0041198 0.0077927 0.0117458 0.0077405 0.0038867 0.0077927 0.0038554 0.0077927 0.0000000 0.0078569 0.0077232 0.0317258 0.0157800 0.0118157 0.0077232 0.0317258 0.0198209 0.0038554 0.0077251 0.0077301 0.0479931 0.0077824 0.0038727 0.0077232 
38854      0.0197880 0.0078569 0.0039174 0.0078545 0.0083974 0.0039174 0.0039174 0.0039148 0.0078581 0.0039148 0.0078641 0.0078422 0.0039174 0.0000010 0.0078422 0.0078473 0.0078473 0.0078653 0.0078691 0.0039228 0.0084070 0.0000010 0.0039263 0.0078581 0.0039138 0.0000010 0.0039138 0.0000010 0.0078569 0.0000000 0.0078402 0.0158046 0.0078473 0.0039174 0.0078402 0.0158046 0.0118273 0.0039138 0.0078422 0.0078473 0.0318757 0.0078653 0.0039138 0.0078402 
70991      0.0356719 0.0077232 0.0116943 0.0157605 0.0082446 0.0116943 0.0196152 0.0116868 0.0077243 0.0117828 0.0157800 0.0077090 0.0117904 0.0077763 0.0077090 0.0077139 0.0077139 0.0157822 0.0157900 0.0117102 0.0082538 0.0077763 0.0117209 0.0077243 0.0038784 0.0077763 0.0038473 0.0077763 0.0077232 0.0078402 0.0000000 0.0316567 0.0157461 0.0117904 0.0077070 0.0316567 0.0197781 0.0038473 0.0077090 0.0077139 0.0478864 0.0077660 0.0038646 0.0077070 
859        0.0038182 0.0317258 0.0198063 0.0158191 0.0339324 0.0118331 0.0115389 0.0197934 0.0317298 0.0197934 0.0158387 0.0316656 0.0118331 0.0158046 0.0316656 0.0236651 0.0316861 0.0158409 0.0158488 0.0198337 0.0339708 0.0158046 0.0198521 0.0317298 0.0276544 0.0158046 0.0276544 0.0158046 0.0317258 0.0158046 0.0316567 0.0000000 0.0158046 0.0118331 0.0316567 0.0076565 0.0198521 0.0276544 0.0316656 0.0316861 0.0153749 0.0278462 0.0237520 0.0316567 
42589      0.0197880 0.0157800 0.0118012 0.0078545 0.0168704 0.0039174 0.0039174 0.0117935 0.0157822 0.0117935 0.0078641 0.0157503 0.0039174 0.0078473 0.0157503 0.0078473 0.0157605 0.0078653 0.0078691 0.0118174 0.0168886 0.0078473 0.0118273 0.0157822 0.0117904 0.0078473 0.0117904 0.0078473 0.0157800 0.0078473 0.0157461 0.0158046 0.0000000 0.0039174 0.0157461 0.0158046 0.0118273 0.0117904 0.0157503 0.0157605 0.0318757 0.0157967 0.0117904 0.0157461 
42593      0.0158046 0.0118157 0.0078545 0.0039209 0.0126304 0.0000010 0.0000010 0.0078493 0.0118174 0.0078493 0.0039257 0.0117935 0.0000010 0.0039174 0.0117935 0.0039174 0.0118012 0.0039263 0.0039282 0.0078653 0.0126448 0.0039174 0.0078724 0.0118174 0.0078473 0.0039174 0.0078473 0.0039174 0.0118157 0.0039174 0.0117904 0.0118331 0.0039174 0.0000000 0.0117904 0.0118331 0.0078724 0.0078473 0.0117935 0.0118012 0.0278458 0.0118273 0.0078473 0.0117904 
71011      0.0276288 0.0077232 0.0116943 0.0157605 0.0082446 0.0116943 0.0196152 0.0116868 0.0077243 0.0117828 0.0157800 0.0077090 0.0117904 0.0077763 0.0077090 0.0077139 0.0077139 0.0157822 0.0157900 0.0117102 0.0082538 0.0077763 0.0117209 0.0077243 0.0038784 0.0077763 0.0038473 0.0077763 0.0077232 0.0078402 0.0077070 0.0316567 0.0157461 0.0117904 0.0000000 0.0236433 0.0197781 0.0038473 0.0077090 0.0077139 0.0397372 0.0077660 0.0038646 0.0077070 
869        0.0038182 0.0317258 0.0198063 0.0158191 0.0339324 0.0118331 0.0115389 0.0197934 0.0317298 0.0197934 0.0158387 0.0316656 0.0118331 0.0158046 0.0316656 0.0236651 0.0316861 0.0158409 0.0158488 0.0198337 0.0339708 0.0158046 0.0198521 0.0317298 0.0276544 0.0158046 0.0276544 0.0158046 0.0317258 0.0158046 0.0316567 0.0076565 0.0158046 0.0118331 0.0236433 0.0000000 0.0198521 0.0276544 0.0316656 0.0316861 0.0153749 0.0278462 0.0237520 0.0316567 
42607      0.0238617 0.0198209 0.0158113 0.0039299 0.0211980 0.0078724 0.0078724 0.0158009 0.0198237 0.0158009 0.0118528 0.0197834 0.0078724 0.0118273 0.0197834 0.0118273 0.0197964 0.0118545 0.0118604 0.0158331 0.0212222 0.0118273 0.0158477 0.0198237 0.0157967 0.0118273 0.0157967 0.0118273 0.0198209 0.0118273 0.0197781 0.0198521 0.0118273 0.0078724 0.0197781 0.0198521 0.0000000 0.0157967 0.0197834 0.0197964 0.0360373 0.0198421 0.0157967 0.0197781 
62831      0.0316567 0.0038554 0.0077833 0.0118012 0.0041152 0.0077833 0.0156672 0.0077782 0.0038559 0.0078422 0.0118157 0.0038482 0.0078473 0.0038820 0.0038482 0.0038507 0.0038507 0.0118174 0.0118232 0.0077939 0.0041198 0.0038820 0.0078010 0.0038559 0.0000010 0.0038820 0.0000010 0.0038820 0.0038554 0.0039138 0.0038473 0.0276544 0.0117904 0.0078473 0.0038473 0.0276544 0.0157967 0.0000000 0.0038482 0.0038507 0.0438240 0.0038768 0.0000010 0.0038473 
62833      0.0356821 0.0077251 0.0116973 0.0157647 0.0082468 0.0116973 0.0196204 0.0116898 0.0077262 0.0117858 0.0157841 0.0077109 0.0117935 0.0077782 0.0000010 0.0077158 0.0077158 0.0157864 0.0157942 0.0117133 0.0082560 0.0077782 0.0117239 0.0077262 0.0038795 0.0077782 0.0038482 0.0077782 0.0077251 0.0078422 0.0077090 0.0316656 0.0157503 0.0117935 0.0077090 0.0316656 0.0197834 0.0038482 0.0000000 0.0077158 0.0479007 0.0077680 0.0038656 0.0077090 
62834      0.0357052 0.0077301 0.0117049 0.0157750 0.0082525 0.0117049 0.0196332 0.0116973 0.0077312 0.0117935 0.0157945 0.0077158 0.0118012 0.0077833 0.0077158 0.0077208 0.0077208 0.0157967 0.0158046 0.0117209 0.0041198 0.0077833 0.0117315 0.0077312 0.0038813 0.0077833 0.0038507 0.0077833 0.0077301 0.0078473 0.0077139 0.0316861 0.0157605 0.0118012 0.0077139 0.0316861 0.0197964 0.0038507 0.0077158 0.0000000 0.0479318 0.0077730 0.0038681 0.0077139 
70899      0.0115029 0.0479931 0.0359534 0.0319056 0.0513640 0.0278458 0.0271454 0.0359299 0.0479983 0.0359299 0.0319459 0.0479007 0.0278458 0.0318757 0.0479007 0.0397745 0.0479318 0.0319500 0.0319668 0.0360034 0.0514222 0.0318757 0.0360373 0.0479983 0.0438240 0.0318757 0.0438240 0.0318757 0.0479931 0.0318757 0.0478864 0.0153749 0.0318757 0.0278458 0.0397372 0.0153749 0.0360373 0.0438240 0.0479007 0.0479318 0.0000000 0.0441308 0.0399217 0.0478864 
62836      0.0318766 0.0077824 0.0117315 0.0158113 0.0083123 0.0117315 0.0157743 0.0117239 0.0077836 0.0118205 0.0158308 0.0077680 0.0118273 0.0078010 0.0077680 0.0077730 0.0077730 0.0158331 0.0158409 0.0117475 0.0083216 0.0078010 0.0117582 0.0077836 0.0039085 0.0078010 0.0038768 0.0078010 0.0077824 0.0078653 0.0077660 0.0278462 0.0157967 0.0118273 0.0077660 0.0278462 0.0198421 0.0038768 0.0077680 0.0077730 0.0441308 0.0000000 0.0038768 0.0077660 
62837      0.0277560 0.0038727 0.0077833 0.0118012 0.0041347 0.0077833 0.0117741 0.0077782 0.0038733 0.0078422 0.0118157 0.0038656 0.0078473 0.0038820 0.0038656 0.0038681 0.0038681 0.0118174 0.0118232 0.0077939 0.0041393 0.0038820 0.0078010 0.0038733 0.0000010 0.0038820 0.0000010 0.0038820 0.0038727 0.0039138 0.0038646 0.0237520 0.0117904 0.0078473 0.0038646 0.0237520 0.0157967 0.0000010 0.0038656 0.0038681 0.0399217 0.0038768 0.0000000 0.0038646 
456047     0.0356719 0.0077232 0.0116943 0.0157605 0.0082446 0.0116943 0.0196152 0.0116868 0.0077243 0.0117828 0.0157800 0.0077090 0.0117904 0.0077763 0.0077090 0.0077139 0.0077139 0.0157822 0.0157900 0.0117102 0.0082538 0.0077763 0.0117209 0.0077243 0.0038784 0.0077763 0.0038473 0.0077763 0.0077232 0.0078402 0.0077070 0.0316567 0.0157461 0.0117904 0.0077070 0.0316567 0.0197781 0.0038473 0.0077090 0.0077139 0.0478864 0.0077660 0.0038646 0.0000000 
