10
70818      0.0000000 0.0117302 0.0238458 0.0078576 0.0038845 0.0118201 0.0117253 0.0077837 0.0116992 0.0077837 
70819      0.0117302 0.0000000 0.0358994 0.0118394 0.0078042 0.0158311 0.0077502 0.0038584 0.0077331 0.0038768 
517        0.0238458 0.0358994 0.0000000 0.0158352 0.0198312 0.0198520 0.0358854 0.0317581 0.0358030 0.0278417 
41         0.0078576 0.0118394 0.0158352 0.0000000 0.0039206 0.0039246 0.0118344 0.0078558 0.0118078 0.0078558 
49066      0.0038845 0.0078042 0.0198312 0.0039206 0.0000000 0.0078639 0.0078010 0.0038836 0.0077837 0.0038836 
38924      0.0118201 0.0158311 0.0198520 0.0039246 0.0078639 0.0000000 0.0158245 0.0118174 0.0157888 0.0118174 
455374     0.0117253 0.0077502 0.0358854 0.0118344 0.0078010 0.0158245 0.0000000 0.0038568 0.0077299 0.0038752 
62831      0.0077837 0.0038584 0.0317581 0.0078558 0.0038836 0.0118174 0.0038568 0.0000000 0.0038483 0.0000010 
62833      0.0116992 0.0077331 0.0358030 0.0118078 0.0077837 0.0157888 0.0077299 0.0038483 0.0000000 0.0038667 
62837      0.0077837 0.0038768 0.0278417 0.0078558 0.0038836 0.0118174 0.0038752 0.0000010 0.0038667 0.0000000 
